0 3788 1416 0
1 2023 2048 0
2 4999 3129 0
3 1862 3683 0
4 3216 1011 0
5 530 3677 0
6 3637 1265 0
7 912 3987 0
8 512 2998 0
9 1492 2191 0
10 3762 1230 0
11 3257 1530 0
12 4979 4716 0
13 3588 4833 0
14 3366 3093 0
15 1913 1237 0
16 4082 3311 0
17 3459 2071 0
18 36 2507 0
19 559 175 0
20 472 4468 0
21 4154 1111 0
22 2148 1341 0
23 2112 2111 0
24 760 4714 0
25 1115 3522 0
26 4506 4255 0
27 4428 4428 0
28 231 3541 0
29 4826 423 0
30 3068 4148 0
31 4213 4912 0
32 4213 4711 0
33 2664 3621 0
34 3939 2325 0
35 1767 3111 0
36 3359 4982 0
37 4980 3242 0
38 2471 2704 0
39 3453 4667 0
40 4648 653 0
41 86 3624 0
42 631 2655 0
43 2538 2592 0
44 2229 1945 0
45 1012 1941 0
46 1703 3476 0
47 943 823 0
48 1336 1949 0
49 500 4746 0
50 118 500 0
51 3583 4311 0
52 2202 3570 0
53 198 3653 0
54 804 996 0
55 2913 827 0
56 1662 607 0
57 916 4898 0
58 3424 449 0
59 891 4544 0
60 2518 292 0
61 4011 1582 0
62 1331 4036 0
63 2823 2601 0
64 353 2055 0
65 1439 4728 0
66 1191 1089 0
67 3143 4108 0
68 4652 692 0
69 1662 4658 0
70 860 3060 0
71 160 3710 0
72 4113 4548 0
73 1336 3928 0
74 94 3745 0
75 4765 3416 0
76 1599 990 0
77 4593 1891 0
78 595 4421 0
79 4844 725 0
80 386 363 0
81 291 1160 0
82 2831 4514 0
83 2237 1643 0
84 3804 2084 0
85 2446 4326 0
86 3935 663 0
87 133 1422 0
88 437 3409 0
89 4717 4772 0
90 1136 2518 0
91 4543 4667 0
92 4000 46 0
93 3197 1002 0
94 1558 4169 0
95 1382 428 0
96 3793 2719 0
97 423 4064 0
98 1360 1408 0
99 2453 2203 0
100 3137 4865 0
101 3825 4053 0
102 984 2348 0
103 1125 1100 0
104 89 4235 0
105 4456 3972 0
106 1461 2385 0
107 4260 2516 0
108 4101 3754 0
109 2904 4337 0
110 1094 3782 0
111 4425 169 0
112 1956 345 0
113 4667 2564 0
114 4830 2217 0
115 2981 4326 0
116 3945 1247 0
117 844 4695 0
118 1183 4006 0
119 1106 4390 0
120 2565 4029 0
121 2732 3939 0
122 835 3980 0
123 1713 4382 0
124 841 1266 0
125 2381 777 0
126 3814 436 0
127 4100 1029 0
128 3712 2853 0
129 4216 2248 0
130 392 4787 0
131 3348 92 0
132 1808 1827 0
133 4714 2567 0
134 4581 241 0
135 4420 2955 0
136 1663 2250 0
137 3499 1735 0
138 4487 1312 0
139 143 2100 0
140 4831 843 0
141 2501 3859 0
142 2804 2498 0
143 4060 3519 0
144 2101 2072 0
145 2704 4580 0
146 3938 3374 0
147 502 4627 0
148 572 3846 0
149 2725 1475 0
150 407 3914 0
151 2958 1657 0
152 4853 4689 0
153 2500 1793 0
154 1218 2465 0
155 4186 2837 0
156 3838 4462 0
157 2463 2029 0
158 4240 1689 0
159 2199 4786 0
160 3705 2853 0
161 494 3905 0
162 3235 993 0
163 2440 2279 0
164 2108 488 0
165 1478 1038 0
166 3686 3135 0
167 1910 398 0
168 2265 3580 0
169 2226 2040 0
170 4084 2102 0
171 2579 2238 0
172 545 1773 0
173 2510 1203 0
174 1077 2591 0
175 3183 2509 0
176 893 3973 0
177 1073 4016 0
178 4493 678 0
179 2255 4713 0
180 3989 4677 0
181 573 182 0
182 419 400 0
183 1896 2730 0
184 3060 1364 0
185 1627 1018 0
186 1786 697 0
187 3378 1737 0
188 4939 1937 0
189 2958 3280 0
190 4484 3421 0
191 3430 2071 0
192 2376 1436 0
193 3422 2513 0
194 1410 4738 0
195 1897 1277 0
196 3917 2891 0
197 1425 1828 0
198 1582 4513 0
199 127 784 0
200 2330 3734 0
201 623 4974 0
202 3297 838 0
203 3458 3257 0
204 1023 1641 0
205 691 1664 0
206 2400 1259 0
207 3978 3934 0
208 1032 4293 0
209 1517 2529 0
210 4363 1110 0
211 3832 2931 0
212 1104 4711 0
213 2230 4810 0
214 3741 271 0
215 2495 2982 0
216 3028 1695 0
217 3887 1035 0
218 4433 1760 0
219 3140 2749 0
220 4202 897 0
221 4135 548 0
222 4575 581 0
223 4285 1613 0
224 2536 3030 0
225 1346 3292 0
226 2482 3485 0
227 4408 1323 0
228 2714 1328 0
229 407 2918 0
230 3657 2735 0
231 2429 2181 0
232 4825 4433 0
233 880 3220 0
234 947 510 0
235 2729 4794 0
236 2202 1371 0
237 3732 3703 0
238 2236 162 0
239 487 3088 0
240 941 4945 0
241 1710 275 0
242 3594 3560 0
243 3423 466 0
244 5 375 0
245 642 4161 0
246 2877 4779 0
247 2733 505 0
248 2445 4549 0
249 4334 302 0
250 125 697 0
251 1559 1579 0
252 2003 4978 0
253 387 3567 0
254 2352 3915 0
255 4948 4750 0
256 3732 2028 0
257 3084 1282 0
258 645 3404 0
259 3181 3075 0
260 4044 1905 0
261 236 114 0
262 2818 2722 0
263 4500 2614 0
264 493 946 0
265 3461 4710 0
266 3877 217 0
267 608 952 0
268 281 3930 0
269 768 1578 0
270 3393 377 0
271 1496 1182 0
272 4157 1282 0
273 4561 2973 0
274 1638 1887 0
275 2721 727 0
276 3283 4820 0
277 2262 1177 0
278 100 3063 0
279 138 2317 0
280 1076 1519 0
281 3962 3826 0
282 2741 3605 0
283 108 1271 0
284 1420 1970 0
285 2144 4492 0
286 2378 4251 0
287 2401 4177 0
288 1053 4570 0
289 4427 3365 0
290 2450 3475 0
291 2799 1747 0
292 859 166 0
293 490 1597 0
294 4935 4784 0
295 3191 2465 0
296 1761 1484 0
297 1115 2443 0
298 3661 2020 0
299 4198 1704 0
300 200 4586 0
301 2901 1280 0
302 548 2227 0
303 1812 4303 0
304 626 700 0
305 167 4290 0
306 783 2227 0
307 3248 947 0
308 1801 2148 0
309 3818 1077 0
310 1576 2501 0
311 1857 1990 0
312 2514 3696 0
313 245 2386 0
314 3559 1188 0
315 780 2751 0
316 860 2235 0
317 3273 3930 0
318 1635 3941 0
319 2391 2333 0
320 4786 980 0
321 3524 1520 0
322 871 3016 0
323 2555 2346 0
324 3046 3851 0
325 972 4094 0
326 530 108 0
327 3136 2949 0
328 1308 4192 0
329 1766 3492 0
330 517 4282 0
331 1169 2192 0
332 3313 3481 0
333 2326 96 0
334 776 846 0
335 1845 2149 0
336 3706 693 0
337 2298 1348 0
338 300 4563 0
339 3237 65 0
340 4881 3171 0
341 718 2357 0
342 924 3164 0
343 937 2206 0
344 4267 4980 0
345 1534 1120 0
346 3700 2150 0
347 4874 1902 0
348 3003 1063 0
349 4636 3469 0
350 1093 286 0
351 1282 1037 0
352 2791 185 0
353 2886 4882 0
354 1070 359 0
355 2670 4370 0
356 900 343 0
357 1542 753 0
358 2758 1293 0
359 3570 2490 0
360 2926 2300 0
361 3739 4805 0
362 3028 4771 0
363 1613 4727 0
364 2909 3279 0
365 1952 1727 0
366 1686 3091 0
367 4235 2834 0
368 4159 2783 0
369 660 1265 0
370 4617 2072 0
371 485 444 0
372 2379 3734 0
373 1761 217 0
374 223 946 0
375 2635 2398 0
376 223 953 0
377 370 2279 0
378 3327 3158 0
379 1455 4712 0
380 2264 24 0
381 3580 951 0
382 502 2591 0
383 866 4075 0
384 707 3121 0
385 1167 4090 0
386 3691 2167 0
387 14 2363 0
388 4303 364 0
389 4228 4451 0
390 335 4324 0
391 3158 2487 0
392 1799 387 0
393 3799 3450 0
394 3070 4221 0
395 4472 189 0
396 2906 3534 0
397 634 3595 0
398 4501 3148 0
399 332 4201 0
400 1361 4646 0
401 1116 2269 0
402 2418 1175 0
403 816 1332 0
404 4334 3747 0
405 3925 4108 0
406 2828 1754 0
407 416 4519 0
408 253 2938 0
409 1709 4967 0
410 4401 2375 0
411 4479 2251 0
412 4155 1823 0
413 4957 1189 0
414 4583 3357 0
415 2660 879 0
416 4081 2096 0
417 2393 745 0
418 2930 146 0
419 3869 724 0
420 3016 4055 0
421 3497 2266 0
422 3640 3328 0
423 3205 4838 0
424 3508 4967 0
425 2343 138 0
426 4207 1615 0
427 3012 4165 0
428 2293 4993 0
429 2032 4594 0
430 811 4306 0
431 316 388 0
432 3731 3257 0
433 3581 978 0
434 3462 1509 0
435 3529 2011 0
436 3504 2360 0
437 2872 1267 0
438 1532 3835 0
439 1551 1322 0
440 3786 4829 0
441 600 479 0
442 678 1007 0
443 1788 2280 0
444 1005 4433 0
445 3573 4303 0
446 1019 2976 0
447 4060 1990 0
448 4626 312 0
449 2110 220 0
450 2166 537 0
451 2947 414 0
452 61 1353 0
453 2842 3587 0
454 597 3682 0
455 3373 947 0
456 4124 2246 0
457 335 2288 0
458 2204 4743 0
459 3159 1410 0
460 879 2747 0
461 781 1863 0
462 1244 213 0
463 801 2730 0
464 4448 3194 0
465 836 1803 0
466 1559 1355 0
467 2678 2958 0
468 869 3278 0
469 3229 1145 0
470 1243 2365 0
471 727 4039 0
472 2731 464 0
473 3448 934 0
474 1800 1383 0
475 3189 2881 0
476 724 3783 0
477 4946 3745 0
478 2023 1796 0
479 1177 461 0
480 346 3183 0
481 3149 341 0
482 1861 1028 0
483 1578 957 0
484 2595 3864 0
485 219 3578 0
486 3014 57 0
487 3752 2990 0
488 2553 695 0
489 577 772 0
490 3446 4673 0
491 1305 4449 0
492 4974 2610 0
493 4172 3860 0
494 4714 2379 0
495 3924 1190 0
496 4812 948 0
497 894 2702 0
498 1047 1502 0
499 2616 1278 0
500 106 1884 0
501 2590 4335 0
502 3874 4888 0
503 1567 3167 0
504 4108 2919 0
505 2102 4783 0
506 327 3958 0
507 2083 4429 0
508 1749 1510 0
509 1475 4424 0
510 4878 4163 0
511 1689 554 0
512 4832 3669 0
513 4739 1742 0
514 1087 1086 0
515 4422 2160 0
516 1184 3912 0
517 1220 4496 0
518 1923 3675 0
519 2120 4351 0
520 4155 248 0
521 849 948 0
522 1267 1954 0
523 4610 3184 0
524 2262 569 0
525 30 4791 0
526 2288 3805 0
527 1867 974 0
528 3677 2047 0
529 1934 3147 0
530 543 2634 0
531 2868 3831 0
532 1450 2188 0
533 2681 4666 0
534 1679 4293 0
535 4984 1931 0
536 4217 158 0
537 4130 2242 0
538 967 3417 0
539 4053 1501 0
540 2448 4372 0
541 621 3068 0
542 4840 1163 0
543 815 4669 0
544 4564 2710 0
545 3526 3317 0
546 2839 1656 0
547 2625 2826 0
548 983 4486 0
549 966 4799 0
550 212 4188 0
551 1778 2317 0
552 3748 1459 0
553 2793 3417 0
554 1724 2520 0
555 2053 842 0
556 2620 2225 0
557 2531 3404 0
558 4428 2202 0
559 1865 4941 0
560 2600 1938 0
561 3541 2945 0
562 1041 4342 0
563 2421 2390 0
564 1458 3409 0
565 3667 3883 0
566 1919 4852 0
567 1333 1664 0
568 2965 2162 0
569 2545 3546 0
570 3812 2459 0
571 940 424 0
572 3937 3812 0
573 1643 4273 0
574 16 1266 0
575 2602 3029 0
576 4152 709 0
577 2364 4700 0
578 1733 3591 0
579 2098 3401 0
580 608 1425 0
581 2365 4621 0
582 291 27 0
583 3507 2510 0
584 4137 1490 0
585 3823 3590 0
586 3159 4853 0
587 2382 2275 0
588 843 4369 0
589 2836 2206 0
590 2857 1574 0
591 516 4351 0
592 1962 780 0
593 2113 4905 0
594 2840 2787 0
595 2926 5 0
596 4343 371 0
597 1645 1371 0
598 4029 2070 0
599 565 789 0
600 636 3915 0
601 174 564 0
602 3057 4499 0
603 3894 2111 0
604 4557 2879 0
605 3370 3772 0
606 1666 131 0
607 4738 4409 0
608 1104 2707 0
609 4512 4252 0
610 2329 584 0
611 27 1401 0
612 1211 4991 0
613 1244 4544 0
614 3785 1524 0
615 507 234 0
616 568 45 0
617 2880 593 0
618 130 1709 0
619 4543 2642 0
620 2793 2440 0
621 2518 870 0
622 2388 1856 0
623 321 407 0
624 2213 3539 0
625 3787 1078 0
626 3369 2802 0
627 4651 1003 0
628 3055 705 0
629 318 2300 0
630 327 1056 0
631 380 2852 0
632 790 234 0
633 1983 1579 0
634 3692 1412 0
635 1110 2217 0
636 1978 2283 0
637 180 2433 0
638 2035 3368 0
639 3858 2072 0
640 617 1626 0
641 697 1407 0
642 373 2404 0
643 3951 4918 0
644 217 3318 0
645 3938 2468 0
646 2719 2401 0
647 1884 817 0
648 1139 958 0
649 242 1367 0
650 4338 4793 0
651 3221 2314 0
652 3732 3779 0
653 4781 822 0
654 1062 2314 0
655 4535 3206 0
656 1480 4913 0
657 1305 2042 0
658 1322 3272 0
659 3526 290 0
660 1321 512 0
661 1083 158 0
662 1294 2790 0
663 3273 860 0
664 3203 4795 0
665 4268 3769 0
666 2360 1316 0
667 2109 3510 0
668 265 778 0
669 2756 3404 0
670 3477 4368 0
671 1065 916 0
672 2774 497 0
673 4312 4878 0
674 3859 101 0
675 1586 1454 0
676 4587 1434 0
677 4012 563 0
678 3559 2197 0
679 620 3828 0
680 1339 2392 0
681 1473 4935 0
682 2719 1854 0
683 4200 4295 0
684 436 1243 0
685 2388 917 0
686 3261 2822 0
687 1788 2432 0
688 1899 2487 0
689 1935 4917 0
690 1234 1485 0
691 1205 3091 0
692 1674 1357 0
693 4079 1850 0
694 4687 2867 0
695 327 3940 0
696 387 3665 0
697 2165 2752 0
698 881 2964 0
699 2275 514 0
700 2002 1680 0
701 2029 2093 0
702 403 3169 0
703 1309 3604 0
704 4430 4047 0
705 1071 435 0
706 141 4965 0
707 4170 4629 0
708 4271 1627 0
709 2377 2863 0
710 2135 4473 0
711 966 1785 0
712 2026 2857 0
713 2073 2214 0
714 2193 3119 0
715 223 2565 0
716 2613 2607 0
717 4328 567 0
718 2256 3301 0
719 957 4305 0
720 2234 2590 0
721 3734 2884 0
722 1928 3106 0
723 2681 3381 0
724 2985 399 0
725 532 693 0
726 2763 2830 0
727 4317 2415 0
728 916 377 0
729 1518 4307 0
730 3303 1322 0
731 1348 853 0
732 4964 221 0
733 2027 2729 0
734 3808 3810 0
735 4044 4346 0
736 4891 650 0
737 3423 4218 0
738 1508 4990 0
739 4470 1588 0
740 4145 2400 0
741 2605 2430 0
742 1451 4904 0
743 588 3219 0
744 3184 4877 0
745 1610 3057 0
746 4214 192 0
747 833 471 0
748 4293 2386 0
749 2518 4785 0
750 3512 3616 0
751 545 4199 0
752 263 135 0
753 2480 4031 0
754 3473 47 0
755 345 3079 0
756 2377 4605 0
757 902 1989 0
758 2802 4468 0
759 4004 2115 0
760 2177 4446 0
761 2171 3902 0
762 562 992 0
763 100 1529 0
764 2566 532 0
765 3864 190 0
766 137 2916 0
767 1044 2481 0
768 3388 4829 0
769 2933 1628 0
770 720 3543 0
771 1846 1372 0
772 3426 1981 0
773 4797 1560 0
774 3758 1424 0
775 2534 4115 0
776 2559 2942 0
777 2789 418 0
778 1635 2498 0
779 3700 3563 0
780 2061 4677 0
781 4263 164 0
782 4212 963 0
783 3998 3898 0
784 2650 2231 0
785 2394 4290 0
786 2100 2105 0
787 1177 2270 0
788 2355 818 0
789 877 3953 0
790 303 4149 0
791 3900 4815 0
792 683 2089 0
793 3065 2059 0
794 4072 4752 0
795 4251 2629 0
796 722 4854 0
797 2535 1847 0
798 3978 2150 0
799 1806 1572 0
800 2495 3086 0
801 1622 4098 0
802 3945 1669 0
803 1744 1330 0
804 112 3568 0
805 4643 2857 0
806 2534 2983 0
807 185 1397 0
808 278 174 0
809 186 1229 0
810 4528 993 0
811 4314 2296 0
812 856 3336 0
813 1076 1064 0
814 2749 244 0
815 2495 1602 0
816 484 453 0
817 2372 2432 0
818 365 3913 0
819 4558 3495 0
820 737 1738 0
821 4590 1658 0
822 2172 665 0
823 4030 383 0
824 4785 2297 0
825 3221 2749 0
826 4668 3204 0
827 3658 846 0
828 1147 4821 0
829 2006 3058 0
830 3840 1368 0
831 2338 2908 0
832 3162 357 0
833 385 3675 0
834 3146 4061 0
835 4052 3751 0
836 1345 3726 0
837 2736 4684 0
838 98 3709 0
839 113 1741 0
840 1287 528 0
841 202 3561 0
842 2817 2040 0
843 351 4196 0
844 4693 2971 0
845 4024 1245 0
846 4140 2219 0
847 846 2951 0
848 1172 531 0
849 3869 553 0
850 2295 4913 0
851 3401 1171 0
852 2404 2559 0
853 4754 4932 0
854 617 4542 0
855 763 4036 0
856 2357 4707 0
857 1755 1380 0
858 3947 1811 0
859 605 3982 0
860 154 1655 0
861 2894 518 0
862 2770 1314 0
863 704 4629 0
864 3321 3270 0
865 3647 4459 0
866 62 3912 0
867 4261 2077 0
868 4102 2807 0
869 3931 3632 0
870 472 299 0
871 2859 1494 0
872 4194 3363 0
873 3028 2438 0
874 412 2236 0
875 1750 3801 0
876 1671 3408 0
877 3695 2142 0
878 2932 2622 0
879 278 407 0
880 4576 4741 0
881 1647 1901 0
882 3591 4696 0
883 1895 2666 0
884 3357 2795 0
885 1162 3011 0
886 1125 4163 0
887 688 3373 0
888 76 1035 0
889 235 440 0
890 3673 640 0
891 3799 857 0
892 3161 2542 0
893 4914 215 0
894 3818 113 0
895 2893 4671 0
896 701 2319 0
897 3039 644 0
898 2347 1365 0
899 1899 3489 0
900 3253 797 0
901 2258 565 0
902 3703 2894 0
903 1394 703 0
904 1744 1682 0
905 1125 3563 0
906 2005 2343 0
907 602 4616 0
908 751 1405 0
909 3041 1797 0
910 2183 1465 0
911 1820 3497 0
912 3545 3639 0
913 1000 3425 0
914 250 1471 0
915 3552 3015 0
916 571 4912 0
917 3038 4659 0
918 1196 4402 0
919 293 4721 0
920 4175 920 0
921 2349 1883 0
922 1097 3878 0
923 1060 1644 0
924 3038 323 0
925 807 1226 0
926 906 4619 0
927 4705 1978 0
928 4518 2467 0
929 1211 823 0
930 2105 1436 0
931 4685 3725 0
932 2153 2307 0
933 2901 1041 0
934 1 4215 0
935 3156 712 0
936 4664 2598 0
937 1860 832 0
938 237 316 0
939 3611 56 0
940 2352 3723 0
941 2575 1645 0
942 54 3031 0
943 3022 2745 0
944 1580 804 0
945 4983 977 0
946 909 561 0
947 612 4832 0
948 803 4532 0
949 4815 4796 0
950 2411 3797 0
951 3910 4634 0
952 3171 4988 0
953 2223 728 0
954 1226 3064 0
955 2272 4940 0
956 2558 3291 0
957 323 1872 0
958 3870 2006 0
959 1646 1708 0
960 689 511 0
961 2371 2443 0
962 4844 4545 0
963 1357 4548 0
964 4977 1332 0
965 2199 3583 0
966 2226 4654 0
967 2701 2114 0
968 477 542 0
969 1341 2432 0
970 3921 4098 0
971 4528 1609 0
972 3481 4319 0
973 4051 455 0
974 976 1214 0
975 2236 1165 0
976 1756 2889 0
977 12 1953 0
978 4844 4062 0
979 628 4405 0
980 3533 4940 0
981 3440 59 0
982 1046 3937 0
983 1694 1114 0
984 1817 2187 0
985 3758 3998 0
986 559 2941 0
987 2412 2849 0
988 3475 3838 0
989 4105 1146 0
990 3324 3017 0
991 2873 3759 0
992 974 2663 0
993 2864 4293 0
994 4901 2990 0
995 338 153 0
996 4856 3632 0
997 4736 4234 0
998 252 3935 0
999 4644 4450 0
1000 1021 2445 0
1001 3774 1839 0
1002 4425 881 0
1003 3756 2338 0
1004 1251 2617 0
1005 1799 2484 0
1006 3902 688 0
1007 540 3135 0
1008 3796 3642 0
1009 3754 1619 0
1010 3216 3170 0
1011 427 936 0
1012 2621 1022 0
1013 1614 4050 0
1014 758 2183 0
1015 4614 252 0
1016 3306 2306 0
1017 1371 1650 0
1018 2259 193 0
1019 271 167 0
1020 3360 861 0
1021 1311 2687 0
1022 3467 3420 0
1023 961 3435 0
1024 3917 4275 0
1025 3544 164 0
1026 372 2164 0
1027 2607 1356 0
1028 4586 3137 0
1029 4395 47 0
1030 3879 2678 0
1031 46 4488 0
1032 1624 3811 0
1033 3316 2221 0
1034 2217 1344 0
1035 3708 3697 0
1036 3524 1865 0
1037 4373 1634 0
1038 3590 2420 0
1039 1351 4101 0
1040 2250 2639 0
1041 4903 1521 0
1042 282 3987 0
1043 2014 1476 0
1044 186 1100 0
1045 3052 4709 0
1046 1034 846 0
1047 4725 2773 0
1048 1695 1358 0
1049 4967 156 0
1050 3293 1568 0
1051 1752 2436 0
1052 1047 4199 0
1053 3273 4443 0
1054 4951 2904 0
1055 1206 3094 0
1056 1302 1910 0
1057 1929 1656 0
1058 3308 824 0
1059 2600 2796 0
1060 3662 3438 0
1061 693 294 0
1062 3084 4962 0
1063 1422 1263 0
1064 1367 3235 0
1065 1814 3042 0
1066 4315 1774 0
1067 607 3559 0
1068 2496 2253 0
1069 308 1018 0
1070 3047 3039 0
1071 1891 1046 0
1072 4224 2897 0
1073 726 3950 0
1074 3038 2582 0
1075 2036 2085 0
1076 1634 2038 0
1077 4420 3502 0
1078 2145 1334 0
1079 2037 3941 0
1080 2572 1935 0
1081 4826 722 0
1082 474 2971 0
1083 4507 4610 0
1084 1047 4026 0
1085 2109 1420 0
1086 4045 4028 0
1087 1864 2763 0
1088 628 2914 0
1089 4183 567 0
1090 332 4324 0
1091 2109 3756 0
1092 2242 4628 0
1093 2371 4788 0
1094 1819 1979 0
1095 148 4123 0
1096 3920 3682 0
1097 3545 3755 0
1098 3525 1445 0
1099 4401 4097 0
1100 3178 2080 0
1101 2084 3865 0
1102 2577 2530 0
1103 1550 385 0
1104 991 1550 0
1105 4100 2101 0
1106 1779 288 0
1107 175 666 0
1108 3526 993 0
1109 3436 3125 0
1110 2609 2938 0
1111 1338 2514 0
1112 468 2516 0
1113 2944 1944 0
1114 1356 4542 0
1115 4092 511 0
1116 2354 2838 0
1117 301 962 0
1118 1890 1191 0
1119 2918 4895 0
1120 969 3531 0
1121 2910 542 0
1122 1434 476 0
1123 4585 119 0
1124 1846 4503 0
1125 1809 4418 0
1126 4750 1278 0
1127 1054 2356 0
1128 1763 2659 0
1129 3848 4197 0
1130 187 3886 0
1131 1324 4912 0
1132 1689 2839 0
1133 1953 1864 0
1134 3193 4929 0
1135 4805 2591 0
1136 2470 4160 0
1137 2250 2760 0
1138 4631 1922 0
1139 2415 4830 0
1140 2299 1454 0
1141 2544 3988 0
1142 2428 3251 0
1143 13 369 0
1144 2202 1829 0
1145 9 4000 0
1146 2365 2924 0
1147 3906 4921 0
1148 3618 1473 0
1149 2619 1647 0
1150 133 2108 0
1151 2133 1606 0
1152 4210 2139 0
1153 2914 3528 0
1154 1363 19 0
1155 2724 662 0
1156 2144 4028 0
1157 2227 4468 0
1158 3806 3282 0
1159 3141 4231 0
1160 654 4672 0
1161 3325 2025 0
1162 1145 2493 0
1163 3009 978 0
1164 6 2763 0
1165 1359 3834 0
1166 3657 2167 0
1167 4108 4585 0
1168 4620 4721 0
1169 1132 1624 0
1170 4771 3380 0
1171 2855 2832 0
1172 1847 4163 0
1173 1932 3808 0
1174 3913 1199 0
1175 2462 1451 0
1176 1427 1899 0
1177 107 1631 0
1178 2786 317 0
1179 1235 2033 0
1180 3241 3687 0
1181 3682 234 0
1182 1251 2337 0
1183 3865 1313 0
1184 4609 4302 0
1185 4850 4695 0
1186 4233 4911 0
1187 229 189 0
1188 2209 111 0
1189 3605 3563 0
1190 1275 752 0
1191 4128 641 0
1192 2348 2636 0
1193 3647 1538 0
1194 3032 604 0
1195 337 3460 0
1196 4 763 0
1197 406 3577 0
1198 4632 864 0
1199 3581 979 0
1200 3878 2125 0
1201 4406 4408 0
1202 261 514 0
1203 4354 1216 0
1204 4168 3862 0
1205 262 1108 0
1206 3741 364 0
1207 4078 4443 0
1208 1459 4988 0
1209 2644 1703 0
1210 2196 2732 0
1211 4840 4993 0
1212 186 4140 0
1213 1317 1029 0
1214 1182 1605 0
1215 3931 318 0
1216 358 583 0
1217 3544 3574 0
1218 985 1429 0
1219 873 4027 0
1220 3683 80 0
1221 820 4086 0
1222 3747 3307 0
1223 3681 4339 0
1224 4795 2392 0
1225 4444 2979 0
1226 2319 1634 0
1227 429 1393 0
1228 853 148 0
1229 757 4403 0
1230 3955 3278 0
1231 1588 2878 0
1232 4504 4667 0
1233 1541 132 0
1234 168 652 0
1235 1403 3211 0
1236 4472 2907 0
1237 4431 1081 0
1238 3240 2086 0
1239 2981 735 0
1240 3732 2568 0
1241 3767 4204 0
1242 342 4339 0
1243 740 391 0
1244 2636 3881 0
1245 1155 2455 0
1246 681 4844 0
1247 4668 632 0
1248 4844 4271 0
1249 3855 453 0
1250 4372 3854 0
1251 1394 3322 0
1252 2632 4896 0
1253 4757 2170 0
1254 2176 2713 0
1255 4881 802 0
1256 610 1091 0
1257 3605 3194 0
1258 415 489 0
1259 3408 3707 0
1260 2726 3496 0
1261 1422 2170 0
1262 4337 2033 0
1263 2865 1398 0
1264 1452 1744 0
1265 92 488 0
1266 4784 3693 0
1267 1243 2897 0
1268 2773 2654 0
1269 1516 241 0
1270 3393 532 0
1271 4484 896 0
1272 2942 1636 0
1273 3209 3813 0
1274 4881 1173 0
1275 4147 4160 0
1276 1908 898 0
1277 1552 2704 0
1278 4414 4873 0
1279 4608 4666 0
1280 3780 1771 0
1281 4413 2215 0
1282 3679 4855 0
1283 4859 4346 0
1284 2883 3792 0
1285 1934 2059 0
1286 3220 18 0
1287 143 3180 0
1288 1136 3952 0
1289 1467 4321 0
1290 2867 3474 0
1291 851 128 0
1292 173 2553 0
1293 3835 1250 0
1294 2039 1905 0
1295 3245 1681 0
1296 316 468 0
1297 1366 4872 0
1298 3996 3227 0
1299 961 2837 0
1300 3348 2867 0
1301 4119 1095 0
1302 1615 1612 0
1303 2028 4655 0
1304 2910 131 0
1305 2504 4748 0
1306 2069 1910 0
1307 447 3529 0
1308 2998 4107 0
1309 4495 3648 0
1310 4332 2187 0
1311 91 4454 0
1312 3516 2612 0
1313 4800 1534 0
1314 1251 4677 0
1315 4406 3214 0
1316 4087 3857 0
1317 2416 1208 0
1318 2587 4441 0
1319 4970 867 0
1320 2303 2172 0
1321 1239 981 0
1322 76 3463 0
1323 1048 4505 0
1324 2796 4943 0
1325 1981 4873 0
1326 4186 2073 0
1327 1266 3589 0
1328 2798 3047 0
1329 3701 2245 0
1330 3310 4020 0
1331 1596 641 0
1332 2160 1276 0
1333 1254 4400 0
1334 350 4286 0
1335 1140 1032 0
1336 697 206 0
1337 2102 2195 0
1338 562 1625 0
1339 4431 323 0
1340 1847 2880 0
1341 3526 3543 0
1342 4464 3854 0
1343 2080 1445 0
1344 1507 1330 0
1345 688 2715 0
1346 559 2927 0
1347 1092 4212 0
1348 200 28 0
1349 1873 3240 0
1350 4376 2353 0
1351 3026 909 0
1352 2090 1979 0
1353 141 327 0
1354 3864 1838 0
1355 4577 4091 0
1356 4521 1922 0
1357 1989 1958 0
1358 1399 773 0
1359 1248 1307 0
1360 4047 4984 0
1361 154 3078 0
1362 4428 4105 0
1363 1182 1273 0
1364 1793 4093 0
1365 4364 2899 0
1366 4540 3843 0
1367 1111 1731 0
1368 2708 4309 0
1369 3256 2671 0
1370 562 858 0
1371 1815 777 0
1372 275 252 0
1373 470 4781 0
1374 3131 2479 0
1375 3631 1485 0
1376 2869 3559 0
1377 1785 4459 0
1378 2774 1806 0
1379 3780 3732 0
1380 2381 3727 0
1381 3788 3409 0
1382 135 4653 0
1383 2566 2720 0
1384 4992 2242 0
1385 3422 1023 0
1386 4815 4331 0
1387 2347 233 0
1388 1314 2442 0
1389 1197 4743 0
1390 1826 3804 0
1391 66 393 0
1392 3009 511 0
1393 3869 4795 0
1394 595 3938 0
1395 4686 2525 0
1396 3283 2004 0
1397 4148 98 0
1398 1155 4595 0
1399 1430 838 0
1400 1850 3139 0
1401 1931 4999 0
1402 2789 3618 0
1403 1328 4187 0
1404 2870 774 0
1405 2770 4858 0
1406 916 4095 0
1407 3796 4945 0
1408 3735 1828 0
1409 451 3396 0
1410 3190 4989 0
1411 1503 1410 0
1412 374 4027 0
1413 641 1697 0
1414 2386 4163 0
1415 3532 2106 0
1416 66 77 0
1417 3107 1725 0
1418 1717 2123 0
1419 2183 2772 0
1420 4753 2215 0
1421 4601 3185 0
1422 4911 3825 0
1423 1710 2492 0
1424 845 1114 0
1425 4796 399 0
1426 4944 2903 0
1427 982 3805 0
1428 3321 2699 0
1429 2527 3336 0
1430 4259 3587 0
1431 690 4447 0
1432 1015 1361 0
1433 108 4165 0
1434 4490 1555 0
1435 2026 322 0
1436 4729 2651 0
1437 2374 302 0
1438 554 2313 0
1439 3813 2774 0
1440 4242 4500 0
1441 3020 1514 0
1442 1739 2136 0
1443 4982 4486 0
1444 3093 4100 0
1445 1897 543 0
1446 2555 1924 0
1447 1282 4347 0
1448 1610 3647 0
1449 4457 3527 0
1450 4596 3518 0
1451 1038 1510 0
1452 1855 3025 0
1453 3315 1708 0
1454 2397 3903 0
1455 4357 4722 0
1456 698 4181 0
1457 999 218 0
1458 476 3955 0
1459 3532 4154 0
1460 4410 3194 0
1461 3154 1377 0
1462 2655 789 0
1463 3259 3680 0
1464 1423 3274 0
1465 1088 2477 0
1466 4996 1199 0
1467 4754 1321 0
1468 108 2955 0
1469 1566 3520 0
1470 221 1265 0
1471 2103 4460 0
1472 3181 2114 0
1473 1926 3182 0
1474 807 1875 0
1475 837 3418 0
1476 1686 1280 0
1477 4741 3780 0
1478 1655 2440 0
1479 3342 1927 0
1480 2959 4861 0
1481 3030 1616 0
1482 1311 4828 0
1483 4249 1795 0
1484 260 4334 0
1485 575 3883 0
1486 16 4478 0
1487 1561 3242 0
1488 1673 2637 0
1489 1588 3293 0
1490 3377 727 0
1491 552 4095 0
1492 483 1787 0
1493 4060 4479 0
1494 2764 3265 0
1495 3941 1881 0
1496 2872 4949 0
1497 32 2696 0
1498 2563 3187 0
1499 2034 1119 0
1500 2669 2539 0
1501 3761 3552 0
1502 1172 349 0
1503 207 3123 0
1504 3715 4991 0
1505 4536 3467 0
1506 2073 4871 0
1507 989 4917 0
1508 1358 985 0
1509 144 538 0
1510 3272 4213 0
1511 1472 3563 0
1512 261 1443 0
1513 2190 514 0
1514 3150 335 0
1515 4222 2616 0
1516 4755 3967 0
1517 12 52 0
1518 4970 1324 0
1519 4654 4067 0
1520 2166 4277 0
1521 2450 3537 0
1522 4709 761 0
1523 1663 689 0
1524 2879 1031 0
1525 4400 3488 0
1526 3142 1297 0
1527 2784 509 0
1528 4841 4862 0
1529 2779 3806 0
1530 1682 2542 0
1531 2672 1026 0
1532 1405 1892 0
1533 3375 4042 0
1534 3823 4457 0
1535 503 4097 0
1536 3269 936 0
1537 2002 3393 0
1538 3180 2100 0
1539 3444 545 0
1540 3205 802 0
1541 3295 2302 0
1542 1180 2364 0
1543 3864 3898 0
1544 1031 2530 0
1545 4085 2504 0
1546 378 795 0
1547 289 3931 0
1548 1481 493 0
1549 2891 1530 0
1550 1146 2676 0
1551 1375 2056 0
1552 529 4729 0
1553 1930 3923 0
1554 443 3833 0
1555 4019 4464 0
1556 736 1169 0
1557 2249 864 0
1558 977 1778 0
1559 3581 4794 0
1560 4306 3673 0
1561 2238 4451 0
1562 2961 212 0
1563 2300 4705 0
1564 1220 3709 0
1565 1719 4745 0
1566 1335 3217 0
1567 2541 3477 0
1568 1848 2144 0
1569 2857 1109 0
1570 4451 4894 0
1571 4326 2086 0
1572 4243 1152 0
1573 833 2599 0
1574 3207 2121 0
1575 4408 40 0
1576 4663 3109 0
1577 4037 2452 0
1578 2647 2902 0
1579 1735 2239 0
1580 1802 1891 0
1581 414 4647 0
1582 1588 2665 0
1583 2468 3516 0
1584 2213 1415 0
1585 4732 2376 0
1586 2863 3138 0
1587 1653 809 0
1588 83 3923 0
1589 1725 3790 0
1590 2082 2889 0
1591 25 2542 0
1592 4852 495 0
1593 43 3519 0
1594 4082 219 0
1595 1705 1328 0
1596 794 58 0
1597 3280 3246 0
1598 3820 1547 0
1599 499 2254 0
1600 4496 3576 0
1601 2055 2790 0
1602 386 86 0
1603 539 959 0
1604 4048 4456 0
1605 1483 4229 0
1606 918 4534 0
1607 941 3602 0
1608 1860 15 0
1609 1443 687 0
1610 402 3996 0
1611 2524 1255 0
1612 1278 3836 0
1613 2318 2535 0
1614 3245 426 0
1615 890 1748 0
1616 1394 3212 0
1617 2644 4113 0
1618 4393 635 0
1619 651 718 0
1620 541 4690 0
1621 4675 2678 0
1622 1696 3164 0
1623 1764 1340 0
1624 3617 3865 0
1625 1755 4265 0
1626 230 1666 0
1627 389 779 0
1628 3011 3349 0
1629 1551 3818 0
1630 1852 4600 0
1631 1278 384 0
1632 2193 3092 0
1633 3067 1575 0
1634 178 3344 0
1635 2393 4161 0
1636 1938 4195 0
1637 2836 277 0
1638 1379 464 0
1639 4680 3666 0
1640 3536 905 0
1641 1442 2171 0
1642 1545 99 0
1643 4147 2858 0
1644 878 2838 0
1645 742 1238 0
1646 2008 961 0
1647 1243 354 0
1648 4156 2981 0
1649 3440 2303 0
1650 897 2751 0
1651 2642 4244 0
1652 2206 4424 0
1653 3755 2981 0
1654 3583 742 0
1655 1045 2998 0
1656 954 3098 0
1657 1726 2308 0
1658 4850 2668 0
1659 3962 4287 0
1660 4340 2538 0
1661 612 4869 0
1662 2603 2153 0
1663 1843 743 0
1664 2939 1833 0
1665 2910 4996 0
1666 3813 3561 0
1667 118 4217 0
1668 4790 818 0
1669 4236 770 0
1670 1187 4269 0
1671 3404 4936 0
1672 4957 4564 0
1673 4250 2879 0
1674 4227 2565 0
1675 796 1348 0
1676 1933 72 0
1677 1131 3677 0
1678 3847 2779 0
1679 3808 1164 0
1680 1988 1734 0
1681 660 4170 0
1682 877 1860 0
1683 2657 512 0
1684 3901 4023 0
1685 2534 1623 0
1686 1747 3028 0
1687 4296 65 0
1688 751 1369 0
1689 3252 305 0
1690 417 1746 0
1691 1905 2791 0
1692 910 1687 0
1693 4667 1934 0
1694 2170 4077 0
1695 1656 1044 0
1696 3467 2943 0
1697 4740 4529 0
1698 2735 2835 0
1699 1707 2648 0
1700 3805 585 0
1701 691 1722 0
1702 4054 2875 0
1703 1615 2767 0
1704 2142 4393 0
1705 1077 132 0
1706 431 1999 0
1707 2859 780 0
1708 2361 2197 0
1709 3044 2014 0
1710 3417 3102 0
1711 3218 3357 0
1712 1503 4497 0
1713 2439 116 0
1714 663 2228 0
1715 1265 4151 0
1716 4938 2110 0
1717 160 3797 0
1718 4769 4154 0
1719 3592 122 0
1720 4490 2536 0
1721 4497 1674 0
1722 2261 2803 0
1723 3023 1399 0
1724 3458 2760 0
1725 3966 1037 0
1726 379 2989 0
1727 3654 145 0
1728 2244 871 0
1729 1420 4649 0
1730 4023 1340 0
1731 378 65 0
1732 4744 28 0
1733 3184 4675 0
1734 2344 3892 0
1735 3614 4512 0
1736 2739 1515 0
1737 4344 4606 0
1738 1758 1546 0
1739 4960 2414 0
1740 4756 1621 0
1741 1540 2776 0
1742 3659 2039 0
1743 4452 1085 0
1744 2879 184 0
1745 4174 1233 0
1746 4832 3183 0
1747 353 1737 0
1748 729 1970 0
1749 4457 4529 0
1750 1124 1226 0
1751 1745 880 0
1752 1737 2501 0
1753 2630 853 0
1754 2144 2242 0
1755 93 433 0
1756 1397 2507 0
1757 1579 3858 0
1758 4237 2074 0
1759 1871 1055 0
1760 434 3816 0
1761 3218 970 0
1762 819 3584 0
1763 323 3763 0
1764 1077 4800 0
1765 958 2518 0
1766 3278 4207 0
1767 3656 1465 0
1768 568 2702 0
1769 4124 3282 0
1770 1016 4417 0
1771 2114 1286 0
1772 4065 3855 0
1773 1540 4857 0
1774 1275 4411 0
1775 2130 4835 0
1776 438 2862 0
1777 396 463 0
1778 3516 2251 0
1779 489 2383 0
1780 2968 2187 0
1781 29 620 0
1782 4239 2399 0
1783 1565 352 0
1784 948 556 0
1785 2130 3540 0
1786 897 4752 0
1787 3576 148 0
1788 3306 4256 0
1789 3810 4135 0
1790 3982 125 0
1791 634 146 0
1792 1389 4071 0
1793 4386 2544 0
1794 3114 104 0
1795 2424 404 0
1796 2015 4446 0
1797 4484 3402 0
1798 4032 4729 0
1799 690 2898 0
1800 880 4717 0
1801 4534 4325 0
1802 4678 475 0
1803 1754 2200 0
1804 4369 4141 0
1805 2470 4904 0
1806 2390 1761 0
1807 1277 1395 0
1808 3030 3473 0
1809 2749 4494 0
1810 2481 2676 0
1811 2331 218 0
1812 609 3508 0
1813 4240 3431 0
1814 1341 4405 0
1815 3957 320 0
1816 2247 422 0
1817 4503 531 0
1818 4475 3812 0
1819 4478 101 0
1820 426 3765 0
1821 4297 3914 0
1822 3446 2505 0
1823 4341 2755 0
1824 1256 1464 0
1825 1064 4554 0
1826 2434 2962 0
1827 173 3434 0
1828 1526 4785 0
1829 4582 1664 0
1830 936 4162 0
1831 2257 1308 0
1832 1748 1498 0
1833 2069 2599 0
1834 212 1423 0
1835 891 1761 0
1836 978 4466 0
1837 2529 3534 0
1838 3322 4516 0
1839 53 911 0
1840 4136 1237 0
1841 2230 4145 0
1842 3895 611 0
1843 2932 229 0
1844 850 2418 0
1845 4376 657 0
1846 1999 577 0
1847 885 2283 0
1848 1999 4251 0
1849 2261 590 0
1850 2510 4171 0
1851 4643 953 0
1852 4991 4099 0
1853 1471 2831 0
1854 1208 2660 0
1855 1202 2498 0
1856 1457 474 0
1857 505 1422 0
1858 2266 4942 0
1859 2566 1281 0
1860 3622 112 0
1861 2813 2061 0
1862 2782 1297 0
1863 3817 3961 0
1864 1673 4314 0
1865 1212 4484 0
1866 2396 734 0
1867 125 2677 0
1868 1124 2951 0
1869 2890 1465 0
1870 3720 873 0
1871 1654 4887 0
1872 3975 1815 0
1873 851 1949 0
1874 3631 148 0
1875 3564 2438 0
1876 4219 4205 0
1877 4896 1942 0
1878 3429 1101 0
1879 4193 3069 0
1880 3987 4117 0
1881 4134 1918 0
1882 1773 1822 0
1883 3626 1568 0
1884 2968 3509 0
1885 3545 2497 0
1886 4740 2399 0
1887 2294 4945 0
1888 4876 3959 0
1889 341 2823 0
1890 3049 1846 0
1891 4354 150 0
1892 2648 1530 0
1893 3097 4475 0
1894 4614 14 0
1895 2900 615 0
1896 2333 1724 0
1897 2540 1830 0
1898 4911 2301 0
1899 172 3877 0
1900 4397 1119 0
1901 4063 710 0
1902 1459 4779 0
1903 40 130 0
1904 491 4506 0
1905 4719 2624 0
1906 374 4512 0
1907 740 1556 0
1908 3082 2516 0
1909 742 550 0
1910 3011 3811 0
1911 1200 3570 0
1912 3548 3992 0
1913 4458 3234 0
1914 3505 800 0
1915 2570 2393 0
1916 4721 1768 0
1917 2397 1639 0
1918 497 3276 0
1919 3562 130 0
1920 4667 2960 0
1921 4173 3593 0
1922 1821 2876 0
1923 1189 1549 0
1924 1932 471 0
1925 3649 2982 0
1926 1463 1860 0
1927 4009 2100 0
1928 3334 604 0
1929 561 4498 0
1930 882 4617 0
1931 104 3504 0
1932 4615 436 0
1933 4352 3568 0
1934 1463 2690 0
1935 989 311 0
1936 2642 4236 0
1937 2668 3948 0
1938 986 1065 0
1939 1393 3425 0
1940 4416 3693 0
1941 367 3558 0
1942 425 3850 0
1943 3651 3423 0
1944 642 4815 0
1945 4592 4474 0
1946 533 4295 0
1947 4406 1630 0
1948 1097 3210 0
1949 4390 2705 0
1950 1109 1250 0
1951 4652 2585 0
1952 2724 4467 0
1953 4632 2040 0
1954 3054 402 0
1955 4523 3471 0
1956 3097 3037 0
1957 4655 4182 0
1958 1854 2881 0
1959 851 844 0
1960 123 1648 0
1961 2221 4336 0
1962 3599 2268 0
1963 970 1397 0
1964 1004 866 0
1965 3816 2139 0
1966 1255 2187 0
1967 4492 4132 0
1968 1492 1550 0
1969 1158 1011 0
1970 1990 883 0
1971 2577 332 0
1972 1587 2034 0
1973 4153 1567 0
1974 802 3718 0
1975 1825 1728 0
1976 467 12 0
1977 3061 4739 0
1978 1957 2811 0
1979 299 1045 0
1980 1093 1219 0
1981 3435 3335 0
1982 3092 4577 0
1983 4015 808 0
1984 3419 4226 0
1985 2448 4013 0
1986 4681 3139 0
1987 1327 168 0
1988 2072 3545 0
1989 858 2527 0
1990 2724 4572 0
1991 217 1857 0
1992 777 1954 0
1993 3167 1062 0
1994 4083 2276 0
1995 2967 524 0
1996 2045 4830 0
1997 2489 4642 0
1998 2340 1337 0
1999 3254 4439 0
2000 193 3637 0
2001 2318 1414 0
2002 4733 3949 0
2003 4612 456 0
2004 1023 3932 0
2005 691 3168 0
2006 3638 3298 0
2007 630 336 0
2008 1945 149 0
2009 299 1406 0
2010 2278 2636 0
2011 4634 2844 0
2012 2569 2278 0
2013 43 3616 0
2014 4456 3315 0
2015 2564 1649 0
2016 4231 2049 0
2017 4144 1428 0
2018 2324 1150 0
2019 29 4391 0
2020 2305 3566 0
2021 1649 4482 0
2022 3872 4668 0
2023 2480 3333 0
2024 631 1786 0
2025 624 727 0
2026 3244 3955 0
2027 2909 2425 0
2028 2565 2814 0
2029 2463 1616 0
2030 1509 3477 0
2031 2837 4622 0
2032 2724 146 0
2033 4520 3755 0
2034 3717 2916 0
2035 3904 1642 0
2036 792 4918 0
2037 953 3935 0
2038 641 1408 0
2039 1644 1427 0
2040 463 4133 0
2041 4169 1188 0
2042 1924 2830 0
2043 3176 1687 0
2044 291 1850 0
2045 3939 976 0
2046 4895 4402 0
2047 105 2465 0
2048 1575 4081 0
2049 1416 2723 0
2050 3887 643 0
2051 4362 212 0
2052 2648 4653 0
2053 2863 4179 0
2054 4155 3522 0
2055 3982 2244 0
2056 163 1652 0
2057 833 3650 0
2058 3307 2670 0
2059 407 1916 0
2060 679 2587 0
2061 1407 4864 0
2062 2913 2888 0
2063 914 3335 0
2064 2924 796 0
2065 3081 1553 0
2066 4731 2733 0
2067 4655 1207 0
2068 2952 2534 0
2069 4125 1926 0
2070 4153 2632 0
2071 3012 121 0
2072 3869 1558 0
2073 4715 1767 0
2074 2350 37 0
2075 3631 4454 0
2076 4901 1812 0
2077 2968 2309 0
2078 36 2995 0
2079 1284 2557 0
2080 277 442 0
2081 1723 1040 0
2082 3029 4461 0
2083 168 1023 0
2084 181 3727 0
2085 102 2479 0
2086 1600 4983 0
2087 4491 2675 0
2088 4357 601 0
2089 3143 1207 0
2090 1900 530 0
2091 2725 2984 0
2092 2170 4183 0
2093 4305 1909 0
2094 3025 4990 0
2095 1265 3841 0
2096 543 2242 0
2097 4439 4510 0
2098 2670 1688 0
2099 2194 1024 0
2100 619 4339 0
2101 3218 1842 0
2102 83 4202 0
2103 200 1947 0
2104 873 1725 0
2105 1484 2380 0
2106 3081 2190 0
2107 823 3746 0
2108 1936 1947 0
2109 3326 4058 0
2110 1463 2896 0
2111 1552 2081 0
2112 856 4857 0
2113 2414 3217 0
2114 4380 543 0
2115 903 641 0
2116 4648 2261 0
2117 4090 335 0
2118 1248 1129 0
2119 1229 2051 0
2120 1108 1263 0
2121 2824 2923 0
2122 4591 3277 0
2123 283 512 0
2124 3810 1754 0
2125 1382 1371 0
2126 2325 657 0
2127 4672 3418 0
2128 2859 1475 0
2129 375 1843 0
2130 708 1954 0
2131 307 609 0
2132 1493 4494 0
2133 155 1628 0
2134 2643 3426 0
2135 2288 951 0
2136 1235 4 0
2137 4188 2263 0
2138 708 2532 0
2139 4921 625 0
2140 3816 591 0
2141 2682 3554 0
2142 559 4015 0
2143 2924 45 0
2144 645 4768 0
2145 3367 529 0
2146 2863 4195 0
2147 260 212 0
2148 2934 1837 0
2149 4192 3299 0
2150 596 3395 0
2151 2250 1695 0
2152 2637 917 0
2153 1950 1493 0
2154 3454 1655 0
2155 3489 1968 0
2156 2748 22 0
2157 2140 129 0
2158 2164 4210 0
2159 3806 75 0
2160 4558 290 0
2161 2019 2490 0
2162 235 4243 0
2163 2536 2164 0
2164 1225 1533 0
2165 4263 1732 0
2166 3788 1598 0
2167 286 328 0
2168 4629 863 0
2169 839 3938 0
2170 591 1917 0
2171 943 3843 0
2172 1381 1381 0
2173 4806 36 0
2174 2645 4675 0
2175 3240 2297 0
2176 2432 1972 0
2177 1334 1316 0
2178 267 4153 0
2179 2242 1841 0
2180 143 3748 0
2181 2075 189 0
2182 3821 3721 0
2183 2932 441 0
2184 997 4093 0
2185 896 2063 0
2186 2210 4542 0
2187 3719 2515 0
2188 2149 3684 0
2189 2929 1194 0
2190 3466 2604 0
2191 1201 2802 0
2192 825 212 0
2193 495 506 0
2194 2819 236 0
2195 4796 4015 0
2196 3412 3057 0
2197 1228 3778 0
2198 4853 2374 0
2199 1410 2166 0
2200 3977 3248 0
2201 204 465 0
2202 1609 4345 0
2203 3676 4905 0
2204 4594 4053 0
2205 1704 3369 0
2206 2760 586 0
2207 978 547 0
2208 4180 3504 0
2209 1278 3589 0
2210 1592 90 0
2211 1968 3091 0
2212 3712 1715 0
2213 1119 644 0
2214 1563 2333 0
2215 2899 1238 0
2216 3675 1186 0
2217 3190 1088 0
2218 1853 1581 0
2219 4141 1952 0
2220 365 4890 0
2221 753 3932 0
2222 112 600 0
2223 1986 1515 0
2224 545 4160 0
2225 4081 3532 0
2226 3430 4965 0
2227 3454 3090 0
2228 3516 1011 0
2229 3767 820 0
2230 3440 2121 0
2231 4444 3388 0
2232 3090 4600 0
2233 478 1105 0
2234 191 1674 0
2235 2811 4127 0
2236 4257 1811 0
2237 4530 4972 0
2238 4512 4683 0
2239 2534 2425 0
2240 2023 2843 0
2241 3443 4895 0
2242 1965 2472 0
2243 3789 828 0
2244 504 1592 0
2245 2907 3657 0
2246 1318 105 0
2247 3246 116 0
2248 681 3548 0
2249 3862 1802 0
2250 3523 4300 0
2251 202 3787 0
2252 4964 2001 0
2253 1583 392 0
2254 64 200 0
2255 2868 901 0
2256 3301 306 0
2257 4675 741 0
2258 1746 2231 0
2259 4900 468 0
2260 2286 3382 0
2261 4251 4818 0
2262 1499 3238 0
2263 1417 3177 0
2264 2161 1148 0
2265 4109 1434 0
2266 3350 3976 0
2267 1474 3031 0
2268 2983 2665 0
2269 165 310 0
2270 3909 1412 0
2271 2499 3488 0
2272 1013 3781 0
2273 4497 2394 0
2274 4214 1179 0
2275 2657 4638 0
2276 3508 1509 0
2277 2270 2971 0
2278 2093 4838 0
2279 1407 2386 0
2280 857 3393 0
2281 3338 3707 0
2282 1590 325 0
2283 2781 3164 0
2284 170 2707 0
2285 2874 2722 0
2286 554 3638 0
2287 2272 4612 0
2288 4928 671 0
2289 983 1439 0
2290 3174 1633 0
2291 1864 4782 0
2292 2547 1915 0
2293 4699 4959 0
2294 1066 4866 0
2295 3380 2383 0
2296 1351 4585 0
2297 4764 2726 0
2298 4766 1103 0
2299 1993 4556 0
2300 2525 934 0
2301 3067 3715 0
2302 2388 1605 0
2303 3964 2044 0
2304 2276 481 0
2305 2885 3300 0
2306 2372 573 0
2307 4125 205 0
2308 4548 1968 0
2309 3332 2073 0
2310 1362 3446 0
2311 3797 3277 0
2312 4728 1538 0
2313 302 2733 0
2314 3347 4966 0
2315 4118 1254 0
2316 2362 1165 0
2317 4854 1539 0
2318 1720 2885 0
2319 2489 2739 0
2320 519 2165 0
2321 3211 1495 0
2322 3932 3221 0
2323 2431 3593 0
2324 3164 1026 0
2325 861 151 0
2326 2288 1802 0
2327 4586 2299 0
2328 937 3186 0
2329 4460 1451 0
2330 2660 92 0
2331 3179 729 0
2332 1023 2362 0
2333 2253 2228 0
2334 1994 2739 0
2335 2310 4044 0
2336 3353 488 0
2337 3380 3498 0
2338 2338 274 0
2339 4821 1866 0
2340 4338 4470 0
2341 1128 549 0
2342 3364 2347 0
2343 4678 758 0
2344 1042 1442 0
2345 2770 4702 0
2346 3128 4555 0
2347 4939 1121 0
2348 4041 3612 0
2349 44 2652 0
2350 4796 1015 0
2351 317 1670 0
2352 3907 4476 0
2353 3081 1444 0
2354 1792 2079 0
2355 1604 2569 0
2356 420 3143 0
2357 3805 3229 0
2358 2843 1261 0
2359 3166 4095 0
2360 4160 2151 0
2361 2552 2731 0
2362 3231 3742 0
2363 2027 3839 0
2364 873 487 0
2365 59 4924 0
2366 1807 3033 0
2367 4183 4356 0
2368 2504 3722 0
2369 3836 1173 0
2370 4232 211 0
2371 1659 4847 0
2372 3735 2117 0
2373 2602 3384 0
2374 1155 37 0
2375 3981 3877 0
2376 961 1404 0
2377 4930 1739 0
2378 3276 795 0
2379 3991 597 0
2380 3900 3691 0
2381 1651 4825 0
2382 2660 4297 0
2383 1908 2604 0
2384 938 4876 0
2385 1262 3758 0
2386 1673 1893 0
2387 3865 3693 0
2388 831 1736 0
2389 374 1420 0
2390 4226 4537 0
2391 2852 4557 0
2392 2864 2227 0
2393 1270 1446 0
2394 1566 1577 0
2395 4649 825 0
2396 1641 2071 0
2397 1158 1593 0
2398 3429 3629 0
2399 1769 4118 0
2400 657 1961 0
2401 3120 2953 0
2402 4998 3133 0
2403 2369 1898 0
2404 4505 2094 0
2405 862 2555 0
2406 4709 1601 0
2407 211 4110 0
2408 2511 4726 0
2409 4583 3851 0
2410 1276 3932 0
2411 1584 1390 0
2412 566 4595 0
2413 865 1836 0
2414 3269 87 0
2415 2241 3646 0
2416 2960 2265 0
2417 4249 3272 0
2418 2316 2719 0
2419 423 2495 0
2420 3040 2431 0
2421 3850 4262 0
2422 687 4123 0
2423 2226 3137 0
2424 4945 3381 0
2425 1067 4105 0
2426 3496 1928 0
2427 2886 4811 0
2428 3284 2027 0
2429 615 282 0
2430 4634 2026 0
2431 209 740 0
2432 2778 1241 0
2433 1031 1727 0
2434 1711 1825 0
2435 401 74 0
2436 3912 3487 0
2437 3492 2682 0
2438 3906 2064 0
2439 2046 4677 0
2440 4095 1552 0
2441 2182 2817 0
2442 1196 4946 0
2443 2146 2295 0
2444 520 2943 0
2445 2438 3584 0
2446 4841 244 0
2447 4395 4288 0
2448 2065 4443 0
2449 3279 3096 0
2450 1529 3167 0
2451 3090 4961 0
2452 4462 3405 0
2453 4933 2908 0
2454 931 452 0
2455 3654 3972 0
2456 9 127 0
2457 3149 3822 0
2458 1540 1666 0
2459 3613 3774 0
2460 1153 1532 0
2461 4360 1658 0
2462 1876 4378 0
2463 2588 1096 0
2464 675 498 0
2465 693 2957 0
2466 3607 1049 0
2467 3612 1549 0
2468 444 4405 0
2469 177 1640 0
2470 3066 1042 0
2471 4905 3634 0
2472 4424 3292 0
2473 414 4194 0
2474 4116 3973 0
2475 3245 3283 0
2476 857 2556 0
2477 222 4145 0
2478 995 3774 0
2479 4080 1605 0
2480 4108 2112 0
2481 206 2378 0
2482 2747 3038 0
2483 1219 1724 0
2484 152 1435 0
2485 1372 1118 0
2486 1455 3867 0
2487 761 2730 0
2488 2889 2668 0
2489 984 1156 0
2490 944 1645 0
2491 1252 1864 0
2492 688 106 0
2493 2184 3350 0
2494 4062 3624 0
2495 4306 397 0
2496 4007 3993 0
2497 2966 1009 0
2498 2755 1725 0
2499 3246 4380 0
2500 4263 1793 0
2501 3648 3455 0
2502 1549 1266 0
2503 2602 3218 0
2504 4186 4513 0
2505 516 4062 0
2506 114 446 0
2507 250 2910 0
2508 484 1255 0
2509 321 1793 0
2510 582 1716 0
2511 3731 2135 0
2512 1344 4515 0
2513 3180 3592 0
2514 236 2875 0
2515 3662 246 0
2516 686 2704 0
2517 2157 21 0
2518 533 4567 0
2519 3788 1913 0
2520 2315 584 0
2521 1690 4130 0
2522 3844 3116 0
2523 3581 2168 0
2524 667 4231 0
2525 3370 1586 0
2526 2403 1839 0
2527 67 1213 0
2528 2110 3398 0
2529 2761 3298 0
2530 1018 4702 0
2531 1834 1373 0
2532 4242 4518 0
2533 3712 1761 0
2534 2016 4600 0
2535 3716 4226 0
2536 3065 4861 0
2537 4626 2488 0
2538 2259 4664 0
2539 59 4163 0
2540 2064 1627 0
2541 2237 4036 0
2542 4025 375 0
2543 1952 2245 0
2544 4619 2236 0
2545 2673 956 0
2546 1110 1549 0
2547 2981 1419 0
2548 4602 3442 0
2549 1939 4826 0
2550 201 2185 0
2551 2192 1517 0
2552 4065 4275 0
2553 3923 1824 0
2554 2857 2773 0
2555 847 3872 0
2556 4174 1741 0
2557 812 977 0
2558 23 268 0
2559 3442 4909 0
2560 473 1881 0
2561 1335 974 0
2562 2394 2814 0
2563 3191 3397 0
2564 3195 174 0
2565 4871 3888 0
2566 1553 3468 0
2567 1886 1052 0
2568 4025 2371 0
2569 701 1889 0
2570 4855 4383 0
2571 4089 3186 0
2572 148 4738 0
2573 4092 431 0
2574 550 2403 0
2575 4809 1407 0
2576 297 4413 0
2577 347 4945 0
2578 4583 2749 0
2579 154 207 0
2580 2264 656 0
2581 3420 4144 0
2582 2628 4533 0
2583 4031 1250 0
2584 3149 253 0
2585 4772 405 0
2586 2681 4871 0
2587 2666 4311 0
2588 2478 3262 0
2589 1544 3690 0
2590 1415 1841 0
2591 4641 3204 0
2592 1565 4936 0
2593 1806 2346 0
2594 2799 2676 0
2595 688 4758 0
2596 1490 2513 0
2597 2874 854 0
2598 1760 428 0
2599 2031 1609 0
2600 3222 292 0
2601 411 1792 0
2602 1955 1812 0
2603 2481 601 0
2604 3119 1139 0
2605 3243 3513 0
2606 3085 2566 0
2607 4113 3383 0
2608 1591 3534 0
2609 4766 3663 0
2610 528 2788 0
2611 249 3243 0
2612 4628 4147 0
2613 3941 542 0
2614 3402 1586 0
2615 3141 4793 0
2616 1195 3810 0
2617 2342 4412 0
2618 4291 4907 0
2619 2887 3219 0
2620 2973 3583 0
2621 354 7 0
2622 1604 4445 0
2623 1245 3945 0
2624 4161 2634 0
2625 4376 1102 0
2626 236 1270 0
2627 2889 4728 0
2628 256 769 0
2629 150 2902 0
2630 922 4474 0
2631 3582 1 0
2632 1794 244 0
2633 2451 4821 0
2634 3804 1979 0
2635 1741 935 0
2636 4019 623 0
2637 1193 1517 0
2638 308 644 0
2639 3705 3861 0
2640 3010 2309 0
2641 4334 2567 0
2642 3663 2856 0
2643 3730 4937 0
2644 3155 942 0
2645 490 2965 0
2646 3824 3686 0
2647 3576 1613 0
2648 568 4775 0
2649 3146 4116 0
2650 346 1309 0
2651 209 1529 0
2652 1707 2705 0
2653 2387 731 0
2654 2587 3306 0
2655 2739 2204 0
2656 2026 4048 0
2657 2559 398 0
2658 2036 4835 0
2659 310 1801 0
2660 3811 354 0
2661 4198 825 0
2662 933 2566 0
2663 4715 1922 0
2664 2480 4229 0
2665 2039 1015 0
2666 4892 2346 0
2667 1859 3047 0
2668 4440 4061 0
2669 1145 654 0
2670 306 521 0
2671 2946 2553 0
2672 2384 2573 0
2673 2698 3255 0
2674 861 211 0
2675 1278 271 0
2676 1362 3796 0
2677 424 1020 0
2678 4251 3394 0
2679 0 4360 0
2680 3974 4266 0
2681 1750 903 0
2682 3497 951 0
2683 1461 102 0
2684 3266 1883 0
2685 4121 2606 0
2686 1139 953 0
2687 1392 2111 0
2688 4384 3132 0
2689 3715 1680 0
2690 2817 597 0
2691 607 1724 0
2692 3159 1679 0
2693 1864 901 0
2694 4823 1391 0
2695 3487 4228 0
2696 4677 2659 0
2697 3901 1745 0
2698 4989 2903 0
2699 1818 3396 0
2700 3117 1186 0
2701 2516 4355 0
2702 2584 3301 0
2703 3012 4676 0
2704 323 3897 0
2705 20 2146 0
2706 2631 2053 0
2707 1630 3577 0
2708 2291 3596 0
2709 2031 1012 0
2710 1512 3803 0
2711 1132 763 0
2712 3262 2322 0
2713 227 1233 0
2714 4138 2976 0
2715 1152 2521 0
2716 2490 722 0
2717 4229 3131 0
2718 4530 1691 0
2719 3513 1223 0
2720 4876 1992 0
2721 4475 3751 0
2722 3716 2089 0
2723 3093 4458 0
2724 3874 2059 0
2725 2812 1329 0
2726 4976 3585 0
2727 2935 4994 0
2728 4040 940 0
2729 4272 2633 0
2730 2486 303 0
2731 1783 687 0
2732 2793 325 0
2733 4230 3459 0
2734 2518 2510 0
2735 4200 3322 0
2736 2018 4810 0
2737 4968 607 0
2738 3236 2124 0
2739 438 2357 0
2740 3819 2747 0
2741 1927 2965 0
2742 3593 3502 0
2743 1285 1484 0
2744 1349 4561 0
2745 4960 3775 0
2746 1433 2316 0
2747 2537 2676 0
2748 2729 2123 0
2749 785 3419 0
2750 2224 3784 0
2751 587 4150 0
2752 1905 1560 0
2753 2577 4475 0
2754 4866 3872 0
2755 1623 3735 0
2756 2841 3703 0
2757 1809 2907 0
2758 3416 2638 0
2759 423 1612 0
2760 2807 2608 0
2761 2766 3664 0
2762 42 918 0
2763 2611 3850 0
2764 3778 395 0
2765 2279 4618 0
2766 568 3380 0
2767 498 4863 0
2768 4552 610 0
2769 868 3841 0
2770 3527 1059 0
2771 339 2417 0
2772 2261 3539 0
2773 3910 550 0
2774 629 613 0
2775 2152 1566 0
2776 1502 4483 0
2777 2890 3425 0
2778 2489 3452 0
2779 2491 3262 0
2780 86 4588 0
2781 3090 3379 0
2782 1641 2838 0
2783 3723 2906 0
2784 3503 4038 0
2785 3504 2127 0
2786 4383 2247 0
2787 2963 1567 0
2788 174 362 0
2789 949 4432 0
2790 1035 195 0
2791 4871 3350 0
2792 203 630 0
2793 2041 4364 0
2794 1698 4857 0
2795 1906 3289 0
2796 3702 999 0
2797 4448 996 0
2798 2962 3261 0
2799 2265 240 0
2800 236 3724 0
2801 2738 448 0
2802 1724 4795 0
2803 4838 4492 0
2804 2514 1123 0
2805 3270 4442 0
2806 90 2696 0
2807 2064 2910 0
2808 1633 2133 0
2809 52 4254 0
2810 4471 2813 0
2811 2877 2465 0
2812 1939 3116 0
2813 4087 1684 0
2814 1879 1007 0
2815 225 4335 0
2816 2856 1345 0
2817 3777 2155 0
2818 2547 3339 0
2819 4157 2161 0
2820 1902 2148 0
2821 2172 424 0
2822 2865 1008 0
2823 4046 1280 0
2824 3612 60 0
2825 4795 1075 0
2826 2764 3912 0
2827 2305 2751 0
2828 4616 2627 0
2829 2739 1531 0
2830 2603 4268 0
2831 3977 4892 0
2832 956 598 0
2833 2798 3792 0
2834 4274 4921 0
2835 2912 3177 0
2836 2945 2413 0
2837 306 1831 0
2838 2526 885 0
2839 4535 2654 0
2840 1384 2431 0
2841 3161 1302 0
2842 1214 3632 0
2843 1555 2692 0
2844 3982 3696 0
2845 2738 4530 0
2846 2398 2409 0
2847 2997 4817 0
2848 3277 2105 0
2849 4132 2289 0
2850 4393 1339 0
2851 962 2120 0
2852 546 755 0
2853 1667 783 0
2854 4559 784 0
2855 496 1723 0
2856 166 3932 0
2857 2875 3801 0
2858 959 2334 0
2859 1197 917 0
2860 4387 2269 0
2861 1596 4688 0
2862 3493 4188 0
2863 1873 4771 0
2864 1912 3409 0
2865 1798 1728 0
2866 3698 1667 0
2867 2211 2030 0
2868 4212 4980 0
2869 1925 2666 0
2870 3561 2137 0
2871 692 4406 0
2872 1698 3227 0
2873 1340 4072 0
2874 1660 4825 0
2875 3445 2327 0
2876 3177 1939 0
2877 366 4265 0
2878 4908 3831 0
2879 895 4755 0
2880 4505 1583 0
2881 1523 1698 0
2882 3873 897 0
2883 3330 1589 0
2884 2617 4802 0
2885 4303 2502 0
2886 32 3415 0
2887 754 2608 0
2888 1964 3738 0
2889 696 1678 0
2890 4534 1612 0
2891 1995 3885 0
2892 2392 454 0
2893 4746 4387 0
2894 840 4577 0
2895 1546 4411 0
2896 4952 3341 0
2897 1338 4614 0
2898 674 1918 0
2899 2713 2084 0
2900 2600 4103 0
2901 1396 1654 0
2902 1339 393 0
2903 154 3952 0
2904 2401 73 0
2905 651 4965 0
2906 1659 2824 0
2907 4907 2362 0
2908 3402 4812 0
2909 4466 1857 0
2910 3994 3349 0
2911 99 1096 0
2912 3144 97 0
2913 2564 2621 0
2914 3045 3419 0
2915 2407 2739 0
2916 129 3473 0
2917 1315 381 0
2918 3982 1493 0
2919 3066 1136 0
2920 3448 1272 0
2921 2033 2199 0
2922 464 4149 0
2923 1500 3624 0
2924 367 938 0
2925 3876 529 0
2926 490 3906 0
2927 2334 3634 0
2928 1730 385 0
2929 632 933 0
2930 935 2279 0
2931 409 940 0
2932 3900 3515 0
2933 468 206 0
2934 4613 1723 0
2935 1834 1546 0
2936 3543 4061 0
2937 3778 2689 0
2938 729 1544 0
2939 113 4819 0
2940 3991 211 0
2941 1437 61 0
2942 2907 4931 0
2943 218 3796 0
2944 1051 76 0
2945 3460 2321 0
2946 4101 3716 0
2947 3405 4554 0
2948 1079 1034 0
2949 1720 3783 0
2950 2619 2912 0
2951 4108 1808 0
2952 1811 795 0
2953 4815 2356 0
2954 4867 477 0
2955 4864 2757 0
2956 2878 865 0
2957 3729 642 0
2958 3210 4761 0
2959 1679 1958 0
2960 1808 1074 0
2961 908 2525 0
2962 712 1833 0
2963 3104 4427 0
2964 3450 1118 0
2965 4096 167 0
2966 2541 3673 0
2967 4119 3672 0
2968 1612 1459 0
2969 1136 2996 0
2970 4318 4043 0
2971 3588 2487 0
2972 3065 3706 0
2973 3703 4091 0
2974 3437 613 0
2975 1577 474 0
2976 2036 1921 0
2977 2864 435 0
2978 254 4024 0
2979 2839 3846 0
2980 4715 2918 0
2981 4274 4408 0
2982 1768 3342 0
2983 4081 2399 0
2984 3006 3325 0
2985 4590 1380 0
2986 2791 2631 0
2987 4001 855 0
2988 4712 4229 0
2989 1735 1021 0
2990 4245 4159 0
2991 4854 2304 0
2992 611 4881 0
2993 749 3883 0
2994 408 693 0
2995 3946 2920 0
2996 3169 4358 0
2997 1077 1253 0
2998 4767 2772 0
2999 2429 3333 0
3000 1505 2903 0
3001 981 815 0
3002 61 3141 0
3003 3214 1869 0
3004 685 330 0
3005 965 1729 0
3006 1811 862 0
3007 4653 2926 0
3008 1724 2368 0
3009 1124 3072 0
3010 4753 3973 0
3011 921 3292 0
3012 4301 738 0
3013 3066 209 0
3014 944 3231 0
3015 3427 2393 0
3016 2815 511 0
3017 4672 4733 0
3018 3417 2014 0
3019 2309 26 0
3020 4284 822 0
3021 4192 3199 0
3022 4636 3834 0
3023 4598 4899 0
3024 2487 1984 0
3025 118 2793 0
3026 1068 766 0
3027 943 2629 0
3028 1782 2222 0
3029 4323 1557 0
3030 4570 1076 0
3031 349 129 0
3032 2325 587 0
3033 4915 4225 0
3034 2603 177 0
3035 2407 3811 0
3036 2560 508 0
3037 4163 3184 0
3038 3713 3916 0
3039 3761 541 0
3040 678 2173 0
3041 2087 2371 0
3042 1532 241 0
3043 107 3450 0
3044 2775 79 0
3045 358 330 0
3046 4832 3061 0
3047 656 281 0
3048 222 2802 0
3049 1287 3105 0
3050 1093 3998 0
3051 1212 1936 0
3052 3243 1489 0
3053 4163 915 0
3054 1994 3540 0
3055 2695 4570 0
3056 2097 1324 0
3057 1070 2379 0
3058 2882 3252 0
3059 2325 3440 0
3060 195 4343 0
3061 3165 2178 0
3062 517 2293 0
3063 1240 914 0
3064 4047 143 0
3065 3202 850 0
3066 2479 2028 0
3067 1334 3548 0
3068 4483 4189 0
3069 4937 2532 0
3070 1585 2390 0
3071 2154 112 0
3072 4252 1388 0
3073 99 764 0
3074 311 2306 0
3075 3356 2422 0
3076 759 2375 0
3077 672 2903 0
3078 1496 2067 0
3079 4629 61 0
3080 4852 3074 0
3081 2124 294 0
3082 1976 950 0
3083 4141 2946 0
3084 763 3493 0
3085 1619 4171 0
3086 2168 3363 0
3087 844 2695 0
3088 2921 2613 0
3089 4601 1669 0
3090 2042 4200 0
3091 3117 2832 0
3092 296 39 0
3093 835 3828 0
3094 4461 1117 0
3095 2586 4434 0
3096 1788 3236 0
3097 2380 3851 0
3098 1473 3959 0
3099 1776 3971 0
3100 2112 1808 0
3101 3427 2899 0
3102 263 3412 0
3103 2394 4807 0
3104 3257 708 0
3105 4142 704 0
3106 3533 2862 0
3107 3608 4157 0
3108 3147 2456 0
3109 1785 2688 0
3110 4874 3794 0
3111 2606 1854 0
3112 2525 4564 0
3113 3247 2089 0
3114 1488 2336 0
3115 1960 4485 0
3116 4600 4780 0
3117 1765 3803 0
3118 2675 1154 0
3119 95 1994 0
3120 478 3291 0
3121 4718 3136 0
3122 4790 2138 0
3123 3002 1950 0
3124 1004 2257 0
3125 2027 1885 0
3126 1790 953 0
3127 2363 3293 0
3128 2307 3468 0
3129 4145 1760 0
3130 3443 4866 0
3131 545 2715 0
3132 2239 3564 0
3133 1871 2261 0
3134 2662 34 0
3135 3930 3746 0
3136 1693 4738 0
3137 735 656 0
3138 1316 257 0
3139 4281 4327 0
3140 3512 2513 0
3141 2613 993 0
3142 4866 4845 0
3143 1707 2700 0
3144 3669 2390 0
3145 3054 4886 0
3146 1663 3692 0
3147 3339 1309 0
3148 1619 1257 0
3149 3969 3392 0
3150 4399 1818 0
3151 4497 295 0
3152 4150 1706 0
3153 2422 1948 0
3154 4133 419 0
3155 780 732 0
3156 2955 4209 0
3157 333 2304 0
3158 556 3752 0
3159 182 134 0
3160 783 4766 0
3161 1477 363 0
3162 1681 2431 0
3163 4896 2266 0
3164 1908 332 0
3165 2096 4731 0
3166 846 4169 0
3167 3537 2796 0
3168 3666 3615 0
3169 2242 477 0
3170 2206 4966 0
3171 141 1168 0
3172 4524 1620 0
3173 319 839 0
3174 4673 4077 0
3175 3766 4406 0
3176 2595 1812 0
3177 3546 2019 0
3178 2566 100 0
3179 388 4979 0
3180 4342 3286 0
3181 512 4495 0
3182 4166 1620 0
3183 3215 2081 0
3184 4498 1514 0
3185 4001 3099 0
3186 1937 162 0
3187 3088 777 0
3188 3989 3830 0
3189 681 2547 0
3190 2498 549 0
3191 4658 2749 0
3192 3001 1012 0
3193 3989 4147 0
3194 2136 606 0
3195 3893 1231 0
3196 81 1070 0
3197 1754 4943 0
3198 1703 358 0
3199 4253 2064 0
3200 4755 1193 0
3201 2767 1739 0
3202 4110 3878 0
3203 4002 194 0
3204 2194 287 0
3205 2923 881 0
3206 1340 1277 0
3207 1536 1740 0
3208 1351 909 0
3209 3587 1256 0
3210 1018 3111 0
3211 2232 219 0
3212 583 1759 0
3213 2602 226 0
3214 3162 1020 0
3215 1508 2948 0
3216 2045 2774 0
3217 64 2417 0
3218 3688 171 0
3219 2769 736 0
3220 224 623 0
3221 2015 2079 0
3222 4497 1955 0
3223 317 1588 0
3224 4810 4293 0
3225 817 1307 0
3226 2822 1418 0
3227 3768 3544 0
3228 1919 4838 0
3229 2733 4173 0
3230 4750 1326 0
3231 1170 3149 0
3232 4168 4318 0
3233 2480 2422 0
3234 4898 4669 0
3235 3837 3235 0
3236 3365 2030 0
3237 4621 3934 0
3238 1308 4393 0
3239 218 3451 0
3240 4748 2291 0
3241 2246 2036 0
3242 4031 1224 0
3243 718 3647 0
3244 2515 3953 0
3245 2618 4585 0
3246 3940 4694 0
3247 3280 94 0
3248 1884 10 0
3249 2155 986 0
3250 1889 3701 0
3251 517 4895 0
3252 4913 4393 0
3253 3065 1322 0
3254 2961 737 0
3255 4140 3137 0
3256 646 1908 0
3257 3612 295 0
3258 4893 4586 0
3259 4166 4656 0
3260 2897 881 0
3261 2996 4734 0
3262 2909 1591 0
3263 717 3471 0
3264 2343 4173 0
3265 4943 3216 0
3266 644 1211 0
3267 3831 1548 0
3268 3729 348 0
3269 933 2688 0
3270 57 4413 0
3271 203 3135 0
3272 4084 1895 0
3273 4697 2831 0
3274 4094 54 0
3275 3032 1258 0
3276 1603 3699 0
3277 1605 2216 0
3278 318 2403 0
3279 971 1445 0
3280 2824 3745 0
3281 261 1534 0
3282 2536 4662 0
3283 4226 4504 0
3284 663 4407 0
3285 1732 894 0
3286 4216 738 0
3287 3618 4834 0
3288 4436 2504 0
3289 4578 3741 0
3290 1272 215 0
3291 4960 4488 0
3292 1580 493 0
3293 2814 1044 0
3294 1055 4580 0
3295 1366 1763 0
3296 4999 794 0
3297 2407 2885 0
3298 349 1886 0
3299 2974 629 0
3300 2935 4419 0
3301 3854 4339 0
3302 2501 1865 0
3303 698 4628 0
3304 4429 1395 0
3305 3617 4649 0
3306 1834 3657 0
3307 1497 1774 0
3308 4700 828 0
3309 3051 1843 0
3310 3354 2132 0
3311 1773 680 0
3312 1234 1843 0
3313 990 3721 0
3314 4743 3300 0
3315 2068 4841 0
3316 4845 1042 0
3317 4077 3762 0
3318 4011 1458 0
3319 3942 2595 0
3320 2597 1031 0
3321 111 523 0
3322 186 3771 0
3323 2949 599 0
3324 3380 2374 0
3325 1379 4534 0
3326 1799 318 0
3327 4731 2098 0
3328 3803 2147 0
3329 4911 4472 0
3330 4585 1410 0
3331 3451 3081 0
3332 2626 2028 0
3333 2369 757 0
3334 485 2677 0
3335 4002 2054 0
3336 1768 2932 0
3337 1915 1024 0
3338 4039 1724 0
3339 2053 2871 0
3340 3469 1563 0
3341 1148 2710 0
3342 1817 1638 0
3343 263 1455 0
3344 4630 2216 0
3345 1495 4792 0
3346 1559 1473 0
3347 297 1127 0
3348 3440 1361 0
3349 4637 942 0
3350 1299 2435 0
3351 748 3819 0
3352 2230 1732 0
3353 2765 4686 0
3354 3457 2511 0
3355 2223 1253 0
3356 2889 1013 0
3357 1969 4389 0
3358 1523 4010 0
3359 2911 2193 0
3360 1671 2416 0
3361 4558 2234 0
3362 4856 52 0
3363 4237 1501 0
3364 2014 3965 0
3365 1465 1437 0
3366 2238 4603 0
3367 4643 2343 0
3368 1519 219 0
3369 801 2371 0
3370 4568 1313 0
3371 3775 1233 0
3372 4560 3322 0
3373 1323 3303 0
3374 4504 2559 0
3375 4838 3464 0
3376 3054 4471 0
3377 692 4848 0
3378 3645 2559 0
3379 2373 2388 0
3380 3206 2830 0
3381 1651 3189 0
3382 1106 467 0
3383 4518 3571 0
3384 303 3133 0
3385 1935 4009 0
3386 1645 4133 0
3387 4738 2384 0
3388 3563 2634 0
3389 1035 2886 0
3390 3431 1587 0
3391 2101 3806 0
3392 4928 3414 0
3393 4493 1600 0
3394 3769 655 0
3395 1046 4363 0
3396 1059 4463 0
3397 850 85 0
3398 2376 3811 0
3399 1706 1849 0
3400 4375 2506 0
3401 2174 4725 0
3402 1533 2769 0
3403 4706 2421 0
3404 4598 2297 0
3405 1099 3509 0
3406 571 2550 0
3407 194 3804 0
3408 2597 3462 0
3409 2043 3227 0
3410 561 4584 0
3411 3712 2704 0
3412 1386 1180 0
3413 1008 4742 0
3414 4256 1480 0
3415 2360 4277 0
3416 832 3498 0
3417 220 2424 0
3418 4146 1750 0
3419 634 850 0
3420 3208 179 0
3421 3399 2430 0
3422 4083 761 0
3423 3124 4313 0
3424 1991 4098 0
3425 878 507 0
3426 3516 4369 0
3427 1743 4276 0
3428 3728 2317 0
3429 1996 4961 0
3430 4223 4606 0
3431 1581 4772 0
3432 3905 3674 0
3433 4102 4146 0
3434 4599 851 0
3435 543 2247 0
3436 1678 1567 0
3437 724 1159 0
3438 609 1518 0
3439 4364 2784 0
3440 2049 2393 0
3441 1256 1517 0
3442 2983 1286 0
3443 638 2468 0
3444 3171 10 0
3445 1687 2314 0
3446 1182 2919 0
3447 3069 62 0
3448 3080 1795 0
3449 3763 642 0
3450 4608 4007 0
3451 1097 4435 0
3452 4433 3688 0
3453 579 3816 0
3454 1751 3477 0
3455 651 3510 0
3456 2978 4446 0
3457 940 21 0
3458 4501 598 0
3459 1159 2320 0
3460 1029 906 0
3461 3285 3715 0
3462 1803 3288 0
3463 3214 1982 0
3464 3861 1868 0
3465 1901 281 0
3466 3675 2946 0
3467 4763 4483 0
3468 3109 1713 0
3469 4925 4724 0
3470 472 3216 0
3471 2019 376 0
3472 3408 2669 0
3473 989 364 0
3474 2891 475 0
3475 841 4181 0
3476 3752 2931 0
3477 1785 3790 0
3478 2394 2174 0
3479 4618 1937 0
3480 586 4212 0
3481 1243 3177 0
3482 2802 4063 0
3483 763 3300 0
3484 855 993 0
3485 2560 3953 0
3486 866 3805 0
3487 1683 4515 0
3488 1181 1600 0
3489 4846 2584 0
3490 3287 4704 0
3491 1434 1547 0
3492 3559 1214 0
3493 1288 3571 0
3494 3110 4469 0
3495 3204 1183 0
3496 1562 2265 0
3497 4190 2013 0
3498 1282 1695 0
3499 3922 102 0
3500 258 4320 0
3501 1794 122 0
3502 3017 4522 0
3503 4886 2845 0
3504 3309 751 0
3505 2599 639 0
3506 2858 1264 0
3507 1519 3571 0
3508 554 970 0
3509 930 2485 0
3510 650 4017 0
3511 723 1041 0
3512 2078 2543 0
3513 2957 2995 0
3514 4129 1712 0
3515 498 2231 0
3516 4407 4309 0
3517 4207 809 0
3518 3413 1166 0
3519 2695 3968 0
3520 1900 2917 0
3521 531 369 0
3522 4867 1976 0
3523 3005 4416 0
3524 1063 4963 0
3525 4839 1931 0
3526 3174 534 0
3527 4450 102 0
3528 4719 1913 0
3529 3016 746 0
3530 549 3668 0
3531 4200 2538 0
3532 3635 2966 0
3533 1410 146 0
3534 3310 1953 0
3535 2518 3548 0
3536 1279 875 0
3537 745 3209 0
3538 2355 2074 0
3539 4450 371 0
3540 1230 3072 0
3541 2901 572 0
3542 1000 2408 0
3543 1094 791 0
3544 1849 4943 0
3545 802 1197 0
3546 4582 2428 0
3547 3007 2633 0
3548 2115 1228 0
3549 787 357 0
3550 2924 1302 0
3551 4286 3889 0
3552 4483 597 0
3553 1123 2989 0
3554 2996 2111 0
3555 241 1017 0
3556 2852 1901 0
3557 3166 2627 0
3558 3897 1361 0
3559 2571 3225 0
3560 4391 3771 0
3561 1444 604 0
3562 376 2125 0
3563 1507 2683 0
3564 2050 994 0
3565 1550 3078 0
3566 3076 1259 0
3567 3943 1293 0
3568 3241 3925 0
3569 1708 201 0
3570 3750 4747 0
3571 3946 4783 0
3572 4253 626 0
3573 1923 3964 0
3574 1003 782 0
3575 4678 2166 0
3576 1574 3450 0
3577 2922 3100 0
3578 2542 352 0
3579 1166 2368 0
3580 3577 3594 0
3581 4715 4777 0
3582 715 2006 0
3583 158 2155 0
3584 4679 894 0
3585 303 3343 0
3586 4861 1301 0
3587 3840 187 0
3588 932 1762 0
3589 905 1167 0
3590 3310 4797 0
3591 2364 371 0
3592 3186 88 0
3593 1587 3909 0
3594 85 3566 0
3595 4163 815 0
3596 1949 2740 0
3597 3294 3845 0
3598 49 693 0
3599 2775 3170 0
3600 1103 4567 0
3601 3518 1269 0
3602 3573 3603 0
3603 252 3002 0
3604 1051 4051 0
3605 2939 1965 0
3606 2843 2427 0
3607 1769 2524 0
3608 3668 1450 0
3609 4020 3378 0
3610 3599 4176 0
3611 8 741 0
3612 4772 542 0
3613 2272 1805 0
3614 2852 1492 0
3615 130 4169 0
3616 2931 854 0
3617 2828 1578 0
3618 255 2339 0
3619 4341 4872 0
3620 4754 609 0
3621 409 4933 0
3622 2751 2925 0
3623 1897 4809 0
3624 3473 4282 0
3625 1354 1294 0
3626 302 1386 0
3627 271 1238 0
3628 747 4816 0
3629 240 1291 0
3630 2917 3089 0
3631 4680 4194 0
3632 1735 3361 0
3633 3422 1474 0
3634 1126 3776 0
3635 3481 4735 0
3636 75 1549 0
3637 2798 2629 0
3638 2926 3633 0
3639 2128 2021 0
3640 1774 1656 0
3641 2362 226 0
3642 4133 1640 0
3643 133 4912 0
3644 3678 1342 0
3645 4122 3055 0
3646 470 2749 0
3647 4607 2266 0
3648 3685 354 0
3649 4466 3575 0
3650 4189 870 0
3651 4942 779 0
3652 250 3940 0
3653 3242 4046 0
3654 1335 1859 0
3655 2050 4163 0
3656 2601 4927 0
3657 2879 4667 0
3658 3228 3989 0
3659 1780 2092 0
3660 702 2248 0
3661 940 3034 0
3662 2726 1364 0
3663 2517 1086 0
3664 497 2474 0
3665 797 4278 0
3666 1519 4226 0
3667 2853 4788 0
3668 4402 2567 0
3669 4747 1454 0
3670 4295 2 0
3671 118 2954 0
3672 4597 4038 0
3673 4521 3433 0
3674 4657 314 0
3675 44 1132 0
3676 1373 4012 0
3677 3130 2554 0
3678 2222 3758 0
3679 260 2191 0
3680 1141 501 0
3681 106 2543 0
3682 1166 4448 0
3683 462 3308 0
3684 767 1214 0
3685 823 120 0
3686 4871 3246 0
3687 2021 3796 0
3688 4605 942 0
3689 3472 1419 0
3690 4493 4122 0
3691 3649 2735 0
3692 4785 157 0
3693 4213 3889 0
3694 1518 2951 0
3695 1637 1000 0
3696 369 3852 0
3697 2610 237 0
3698 2839 214 0
3699 3496 2775 0
3700 2430 3920 0
3701 3239 4254 0
3702 3106 280 0
3703 150 4784 0
3704 1 4672 0
3705 4321 417 0
3706 2167 3242 0
3707 2079 3458 0
3708 485 3545 0
3709 1512 1705 0
3710 4585 2495 0
3711 1979 2551 0
3712 3027 3628 0
3713 2682 4971 0
3714 4407 4836 0
3715 4898 1255 0
3716 3335 3905 0
3717 2608 938 0
3718 2633 324 0
3719 651 4429 0
3720 4668 992 0
3721 1443 4901 0
3722 2149 4450 0
3723 365 1849 0
3724 542 2050 0
3725 3279 4333 0
3726 460 4990 0
3727 4468 2787 0
3728 1946 4357 0
3729 3277 417 0
3730 4193 1456 0
3731 3130 3182 0
3732 2699 4244 0
3733 4802 298 0
3734 1815 3870 0
3735 3195 1632 0
3736 64 3033 0
3737 3471 207 0
3738 848 4471 0
3739 920 470 0
3740 1560 1932 0
3741 4833 1777 0
3742 1562 3549 0
3743 4915 3560 0
3744 4318 172 0
3745 1014 4926 0
3746 1642 3356 0
3747 2102 4238 0
3748 4207 3180 0
3749 1075 2812 0
3750 2905 3455 0
3751 2314 2274 0
3752 1494 3212 0
3753 1935 1696 0
3754 1772 3790 0
3755 4910 1354 0
3756 776 128 0
3757 4761 334 0
3758 2785 3514 0
3759 4254 3403 0
3760 653 4876 0
3761 3243 767 0
3762 56 857 0
3763 2142 1462 0
3764 3529 1302 0
3765 4578 385 0
3766 70 2044 0
3767 1061 2484 0
3768 4993 3542 0
3769 4419 4990 0
3770 4610 3450 0
3771 2798 890 0
3772 2623 1592 0
3773 2196 1353 0
3774 359 4623 0
3775 1040 4947 0
3776 2019 537 0
3777 2051 4116 0
3778 2171 1606 0
3779 4193 1328 0
3780 130 239 0
3781 227 1816 0
3782 1036 2870 0
3783 1477 89 0
3784 4882 195 0
3785 3989 4929 0
3786 4169 2270 0
3787 1770 4953 0
3788 4243 798 0
3789 4201 4164 0
3790 2725 462 0
3791 2113 3020 0
3792 2510 3233 0
3793 722 3801 0
3794 1886 2519 0
3795 4656 4664 0
3796 2170 340 0
3797 3853 1992 0
3798 3897 403 0
3799 4702 2284 0
3800 4486 4080 0
3801 2324 1040 0
3802 4327 3432 0
3803 458 443 0
3804 2687 3113 0
3805 974 2549 0
3806 4197 4118 0
3807 56 4183 0
3808 4675 3428 0
3809 4696 2198 0
3810 236 2380 0
3811 3452 2529 0
3812 2847 1951 0
3813 1569 2305 0
3814 1150 3781 0
3815 1084 2947 0
3816 3494 3692 0
3817 605 4100 0
3818 3029 588 0
3819 2616 1666 0
3820 2022 4870 0
3821 1285 1328 0
3822 3564 4237 0
3823 1711 2568 0
3824 2662 275 0
3825 3394 1489 0
3826 4889 4693 0
3827 4049 3852 0
3828 2087 4714 0
3829 4421 4626 0
3830 3051 3740 0
3831 4263 969 0
3832 4596 2710 0
3833 3904 4739 0
3834 4102 3161 0
3835 2092 2040 0
3836 416 2133 0
3837 1206 194 0
3838 178 1551 0
3839 2009 625 0
3840 2879 2783 0
3841 3841 747 0
3842 3611 1678 0
3843 1529 1618 0
3844 4116 3310 0
3845 4112 3388 0
3846 4636 3866 0
3847 2492 681 0
3848 1175 3829 0
3849 2397 3831 0
3850 2468 2265 0
3851 3834 2416 0
3852 4261 2015 0
3853 2239 475 0
3854 4212 1886 0
3855 25 3272 0
3856 331 135 0
3857 3362 793 0
3858 466 4441 0
3859 3748 3743 0
3860 1027 4571 0
3861 2045 62 0
3862 4565 3530 0
3863 2908 4384 0
3864 1312 213 0
3865 3892 3391 0
3866 4137 6 0
3867 526 701 0
3868 2321 182 0
3869 2907 603 0
3870 162 2879 0
3871 1908 760 0
3872 4585 1437 0
3873 4952 1773 0
3874 4253 2223 0
3875 2446 4796 0
3876 895 1526 0
3877 2558 3485 0
3878 714 2189 0
3879 3360 2593 0
3880 3270 2843 0
3881 277 3593 0
3882 2075 3558 0
3883 2831 4161 0
3884 4308 680 0
3885 1168 276 0
3886 609 3144 0
3887 4518 3064 0
3888 1553 1995 0
3889 4347 3151 0
3890 3976 1798 0
3891 3114 614 0
3892 2646 844 0
3893 1481 3035 0
3894 3884 4424 0
3895 4842 151 0
3896 3783 3793 0
3897 4332 2241 0
3898 3022 3329 0
3899 552 4221 0
3900 1497 444 0
3901 2429 3177 0
3902 1565 981 0
3903 2050 4198 0
3904 1162 2165 0
3905 3591 3512 0
3906 2803 4346 0
3907 1291 4863 0
3908 3555 3851 0
3909 3779 1915 0
3910 2146 1392 0
3911 2747 3481 0
3912 265 1062 0
3913 3290 2392 0
3914 2345 651 0
3915 1869 3533 0
3916 2042 3967 0
3917 4659 3755 0
3918 2037 4432 0
3919 2294 1168 0
3920 3123 4409 0
3921 3618 2712 0
3922 3492 4245 0
3923 1913 4864 0
3924 2082 2878 0
3925 2088 4654 0
3926 270 1953 0
3927 2300 975 0
3928 877 588 0
3929 186 3865 0
3930 3755 2377 0
3931 4478 2159 0
3932 2982 405 0
3933 79 2412 0
3934 4596 3124 0
3935 643 3579 0
3936 1905 2791 0
3937 4815 4262 0
3938 4517 3451 0
3939 1990 2810 0
3940 2093 535 0
3941 2532 1838 0
3942 1137 3901 0
3943 2189 1326 0
3944 4 1832 0
3945 188 3391 0
3946 3643 182 0
3947 3869 1722 0
3948 4 2132 0
3949 1405 3323 0
3950 1046 3393 0
3951 4651 2111 0
3952 3617 4771 0
3953 4968 4314 0
3954 1365 4796 0
3955 1956 2973 0
3956 266 2867 0
3957 4538 1618 0
3958 4751 2621 0
3959 3845 616 0
3960 1293 665 0
3961 1829 1894 0
3962 3135 2975 0
3963 2450 1670 0
3964 4098 4753 0
3965 988 4380 0
3966 1177 3501 0
3967 3442 1921 0
3968 3339 1114 0
3969 3964 1747 0
3970 2948 425 0
3971 957 1957 0
3972 4937 1495 0
3973 194 1517 0
3974 856 1854 0
3975 1014 1649 0
3976 1214 1608 0
3977 2412 2401 0
3978 2808 4851 0
3979 1980 9 0
3980 2214 2904 0
3981 3497 2248 0
3982 1055 1336 0
3983 1180 1250 0
3984 2722 3635 0
3985 4630 1283 0
3986 1924 3565 0
3987 3628 4284 0
3988 2134 955 0
3989 71 85 0
3990 2032 3463 0
3991 4213 2587 0
3992 1553 983 0
3993 1266 3805 0
3994 3526 4209 0
3995 3899 468 0
3996 3458 3535 0
3997 3011 242 0
3998 4528 3564 0
3999 3235 2556 0
4000 448 3278 0
4001 4956 3923 0
4002 2780 1733 0
4003 972 3987 0
4004 787 2958 0
4005 2233 561 0
4006 4013 2366 0
4007 431 1666 0
4008 3205 1910 0
4009 13 3908 0
4010 679 2120 0
4011 4692 1333 0
4012 3230 2933 0
4013 2331 3761 0
4014 4738 2145 0
4015 1220 2694 0
4016 2813 1389 0
4017 3428 2306 0
4018 1164 4685 0
4019 4417 1975 0
4020 2969 2520 0
4021 599 3269 0
4022 2571 3803 0
4023 406 2613 0
4024 3247 4188 0
4025 2600 2998 0
4026 3645 2849 0
4027 4014 695 0
4028 1527 10 0
4029 3023 926 0
4030 2209 3295 0
4031 858 4705 0
4032 4208 1790 0
4033 48 3413 0
4034 1509 3527 0
4035 3464 1154 0
4036 2092 3253 0
4037 2045 1300 0
4038 3963 4246 0
4039 3582 4761 0
4040 3723 3467 0
4041 2981 4635 0
4042 1167 793 0
4043 1794 3724 0
4044 1979 2853 0
4045 463 4741 0
4046 4951 1694 0
4047 3651 2063 0
4048 987 2067 0
4049 2099 1281 0
4050 1240 1286 0
4051 1712 4449 0
4052 1778 1078 0
4053 2209 4471 0
4054 1705 2565 0
4055 4379 704 0
4056 2455 141 0
4057 1501 59 0
4058 1949 392 0
4059 4990 3404 0
4060 4563 4043 0
4061 3167 1844 0
4062 355 4875 0
4063 850 877 0
4064 1354 4306 0
4065 1073 4121 0
4066 190 244 0
4067 4811 2251 0
4068 2140 3009 0
4069 806 3913 0
4070 607 1502 0
4071 3472 2010 0
4072 2779 637 0
4073 2711 2677 0
4074 692 778 0
4075 752 2317 0
4076 3239 967 0
4077 1460 4290 0
4078 198 4244 0
4079 3214 3531 0
4080 2298 561 0
4081 4995 2056 0
4082 1509 2361 0
4083 1959 2838 0
4084 299 353 0
4085 1191 1584 0
4086 4833 3795 0
4087 2304 2524 0
4088 1050 4535 0
4089 2935 2607 0
4090 4747 491 0
4091 122 4489 0
4092 3382 1201 0
4093 2078 821 0
4094 639 3617 0
4095 199 1866 0
4096 4465 1357 0
4097 4412 3368 0
4098 2638 3716 0
4099 3360 2793 0
4100 3095 4622 0
4101 4781 4305 0
4102 2135 1239 0
4103 1000 881 0
4104 2152 4282 0
4105 1529 664 0
4106 866 3292 0
4107 1421 3407 0
4108 395 3646 0
4109 633 2264 0
4110 2387 744 0
4111 76 913 0
4112 157 691 0
4113 1132 911 0
4114 2379 2650 0
4115 1958 1262 0
4116 1560 4829 0
4117 2379 3785 0
4118 633 4649 0
4119 4940 2141 0
4120 4086 1028 0
4121 1869 3329 0
4122 229 4013 0
4123 504 4541 0
4124 2281 2004 0
4125 673 3420 0
4126 2381 3637 0
4127 4212 96 0
4128 2471 3228 0
4129 4848 1301 0
4130 4411 1156 0
4131 1532 2577 0
4132 3159 987 0
4133 333 4233 0
4134 4531 2416 0
4135 1616 145 0
4136 4368 4185 0
4137 2082 706 0
4138 123 4059 0
4139 1118 4874 0
4140 3150 1389 0
4141 2110 3346 0
4142 2990 2412 0
4143 4447 2376 0
4144 4008 3311 0
4145 584 2047 0
4146 88 4978 0
4147 993 2210 0
4148 2672 3810 0
4149 2625 2344 0
4150 4176 1969 0
4151 2873 3584 0
4152 1571 3749 0
4153 922 211 0
4154 3451 2250 0
4155 341 1352 0
4156 2993 3679 0
4157 1505 209 0
4158 2074 1164 0
4159 2747 2597 0
4160 1331 739 0
4161 2437 1610 0
4162 1591 4419 0
4163 264 2395 0
4164 70 43 0
4165 4455 3573 0
4166 2677 3942 0
4167 4916 119 0
4168 1531 3523 0
4169 4770 4454 0
4170 578 539 0
4171 2686 2037 0
4172 206 2138 0
4173 530 1 0
4174 1356 3561 0
4175 2549 873 0
4176 238 3169 0
4177 1856 3676 0
4178 1939 3587 0
4179 249 3614 0
4180 2688 4042 0
4181 1929 890 0
4182 4285 2531 0
4183 1256 3312 0
4184 658 3275 0
4185 1190 2618 0
4186 1798 4176 0
4187 1479 4073 0
4188 1352 2373 0
4189 2613 4300 0
4190 628 4171 0
4191 2698 1224 0
4192 3291 2285 0
4193 1856 3156 0
4194 2357 478 0
4195 598 1417 0
4196 2076 2637 0
4197 1266 2397 0
4198 1376 3405 0
4199 1020 199 0
4200 1546 986 0
4201 3800 2040 0
4202 815 4096 0
4203 2694 744 0
4204 2536 1309 0
4205 1245 4571 0
4206 699 2373 0
4207 4174 4010 0
4208 500 4636 0
4209 3373 1372 0
4210 640 516 0
4211 1167 3337 0
4212 2881 660 0
4213 681 3371 0
4214 2724 3607 0
4215 4592 2947 0
4216 4304 4832 0
4217 4058 1942 0
4218 2245 2342 0
4219 3155 4732 0
4220 4106 355 0
4221 2367 4959 0
4222 1314 4581 0
4223 3283 3480 0
4224 2245 428 0
4225 3203 4670 0
4226 353 2781 0
4227 2365 3014 0
4228 2205 2205 0
4229 2772 1823 0
4230 4590 3701 0
4231 3804 4293 0
4232 1573 1077 0
4233 744 4653 0
4234 2225 4521 0
4235 4548 3470 0
4236 3384 1343 0
4237 2427 4528 0
4238 4817 4379 0
4239 3670 2779 0
4240 3542 4258 0
4241 465 3320 0
4242 2453 1048 0
4243 293 4210 0
4244 1835 3515 0
4245 2516 4280 0
4246 3421 3124 0
4247 4096 930 0
4248 4080 1434 0
4249 2444 1699 0
4250 4370 4777 0
4251 4744 2602 0
4252 3150 3315 0
4253 3528 2966 0
4254 1759 4778 0
4255 3262 285 0
4256 1693 3559 0
4257 4475 407 0
4258 1984 4588 0
4259 3759 3538 0
4260 3620 772 0
4261 2392 3172 0
4262 4251 425 0
4263 760 1228 0
4264 1473 506 0
4265 626 653 0
4266 2824 2985 0
4267 3680 1863 0
4268 366 632 0
4269 4084 501 0
4270 688 1512 0
4271 1257 4327 0
4272 2282 4956 0
4273 1129 3333 0
4274 2367 1383 0
4275 2719 1082 0
4276 2905 2408 0
4277 199 4697 0
4278 4060 4319 0
4279 3983 358 0
4280 2063 662 0
4281 1897 1422 0
4282 4985 4746 0
4283 112 2070 0
4284 2408 3209 0
4285 30 1170 0
4286 3217 3681 0
4287 2218 1710 0
4288 30 597 0
4289 126 1202 0
4290 2884 2848 0
4291 3657 3433 0
4292 115 3828 0
4293 22 4418 0
4294 101 3539 0
4295 3579 2640 0
4296 894 654 0
4297 818 2598 0
4298 4886 2317 0
4299 928 492 0
4300 1636 76 0
4301 2135 4435 0
4302 2849 336 0
4303 4747 2266 0
4304 2445 366 0
4305 1186 1488 0
4306 4524 3904 0
4307 4993 1552 0
4308 4049 3474 0
4309 2365 2440 0
4310 225 897 0
4311 4133 3140 0
4312 2075 755 0
4313 2146 1604 0
4314 1270 2537 0
4315 1546 1633 0
4316 2802 3481 0
4317 3033 1373 0
4318 1575 1669 0
4319 1052 506 0
4320 580 4070 0
4321 3654 440 0
4322 1149 3707 0
4323 2943 2568 0
4324 1993 4450 0
4325 3101 3304 0
4326 1783 186 0
4327 1763 1036 0
4328 1634 2298 0
4329 1003 2245 0
4330 2524 1854 0
4331 1425 1373 0
4332 4914 2127 0
4333 691 1453 0
4334 3108 4829 0
4335 3339 3588 0
4336 750 1582 0
4337 565 2948 0
4338 1600 311 0
4339 347 633 0
4340 3960 1140 0
4341 167 4583 0
4342 3484 210 0
4343 2475 4283 0
4344 4269 4250 0
4345 2163 3482 0
4346 591 4541 0
4347 1188 3787 0
4348 400 4499 0
4349 64 4698 0
4350 2021 633 0
4351 1364 2729 0
4352 2464 1933 0
4353 4578 1405 0
4354 3141 300 0
4355 808 3958 0
4356 4825 1286 0
4357 2523 2669 0
4358 284 425 0
4359 3620 694 0
4360 1838 2092 0
4361 1413 99 0
4362 1183 154 0
4363 2055 1696 0
4364 399 1929 0
4365 1696 1726 0
4366 929 4480 0
4367 3597 1793 0
4368 1549 1512 0
4369 1247 2647 0
4370 1770 935 0
4371 2830 2037 0
4372 1607 3042 0
4373 1029 4192 0
4374 1387 3035 0
4375 4767 3291 0
4376 1933 1451 0
4377 4097 2607 0
4378 3363 2511 0
4379 1527 3206 0
4380 2803 3533 0
4381 3523 3297 0
4382 1654 2716 0
4383 1490 2989 0
4384 4841 1395 0
4385 411 4076 0
4386 3965 3955 0
4387 2953 1331 0
4388 1249 44 0
4389 3112 4342 0
4390 2300 4714 0
4391 1171 416 0
4392 2517 4314 0
4393 896 982 0
4394 4075 575 0
4395 4737 3459 0
4396 2944 2143 0
4397 1787 2051 0
4398 3642 3032 0
4399 3936 803 0
4400 3873 227 0
4401 720 887 0
4402 776 3266 0
4403 2836 2538 0
4404 4935 3129 0
4405 1739 149 0
4406 2391 1221 0
4407 4959 1689 0
4408 1971 4763 0
4409 2976 3813 0
4410 1141 3349 0
4411 1079 3789 0
4412 4671 4467 0
4413 440 3540 0
4414 231 3940 0
4415 1047 489 0
4416 2924 493 0
4417 422 3197 0
4418 2358 630 0
4419 1897 3296 0
4420 3344 3025 0
4421 2169 1141 0
4422 2173 664 0
4423 4089 4511 0
4424 276 2657 0
4425 213 3252 0
4426 2388 356 0
4427 436 3389 0
4428 3598 2292 0
4429 3053 790 0
4430 3634 2405 0
4431 2219 4315 0
4432 3305 2403 0
4433 105 744 0
4434 1244 231 0
4435 1478 1419 0
4436 4308 4089 0
4437 3202 1970 0
4438 480 3020 0
4439 1449 4466 0
4440 2423 4117 0
4441 546 881 0
4442 128 2662 0
4443 2940 1996 0
4444 1819 4497 0
4445 4851 2513 0
4446 3271 1709 0
4447 2802 4673 0
4448 4153 3143 0
4449 2933 2661 0
4450 4745 2236 0
4451 1793 2265 0
4452 2176 571 0
4453 4692 428 0
4454 1603 3563 0
4455 605 4450 0
4456 632 3976 0
4457 4040 1503 0
4458 1410 2107 0
4459 2598 2844 0
4460 1009 937 0
4461 819 3500 0
4462 4133 1529 0
4463 3125 884 0
4464 3907 3095 0
4465 1662 424 0
4466 4248 3947 0
4467 1415 4141 0
4468 698 2849 0
4469 394 4370 0
4470 4946 4721 0
4471 2110 4378 0
4472 1035 4872 0
4473 3485 1874 0
4474 3698 2497 0
4475 2769 4287 0
4476 1139 555 0
4477 4494 843 0
4478 2433 1524 0
4479 3802 2387 0
4480 2924 4067 0
4481 2068 1126 0
4482 4506 4104 0
4483 4180 2194 0
4484 388 230 0
4485 3579 3682 0
4486 296 4350 0
4487 1003 3278 0
4488 4549 3376 0
4489 579 3655 0
4490 723 1377 0
4491 2681 4622 0
4492 585 3513 0
4493 3191 2439 0
4494 2999 4504 0
4495 4330 4335 0
4496 246 3264 0
4497 1928 47 0
4498 1569 3771 0
4499 684 3134 0
4500 4325 4132 0
4501 129 3019 0
4502 1030 4426 0
4503 2778 1950 0
4504 3550 1497 0
4505 3093 351 0
4506 3029 2064 0
4507 3345 818 0
4508 2611 368 0
4509 2915 2854 0
4510 2043 3082 0
4511 4277 1914 0
4512 4173 268 0
4513 4473 308 0
4514 846 1090 0
4515 3865 884 0
4516 1903 761 0
4517 3255 4837 0
4518 2014 1249 0
4519 2819 2599 0
4520 4687 796 0
4521 2768 3900 0
4522 37 2657 0
4523 1685 3474 0
4524 2 2061 0
4525 3921 3618 0
4526 3192 4427 0
4527 2195 1937 0
4528 335 4769 0
4529 3761 721 0
4530 3587 2603 0
4531 2014 1442 0
4532 3964 1944 0
4533 751 717 0
4534 2324 1379 0
4535 1879 2447 0
4536 1230 510 0
4537 1758 970 0
4538 3086 2946 0
4539 232 1677 0
4540 2655 1221 0
4541 878 2363 0
4542 351 2910 0
4543 2297 2415 0
4544 3081 4854 0
4545 4859 3790 0
4546 3909 430 0
4547 3654 2787 0
4548 3746 2915 0
4549 1662 3540 0
4550 4868 3863 0
4551 3274 4328 0
4552 3543 1480 0
4553 4324 370 0
4554 3230 1145 0
4555 1609 2104 0
4556 990 49 0
4557 917 1873 0
4558 2300 281 0
4559 3069 437 0
4560 3063 783 0
4561 2838 4752 0
4562 244 3550 0
4563 512 1148 0
4564 463 409 0
4565 2566 991 0
4566 4983 3657 0
4567 1172 4395 0
4568 3055 3694 0
4569 79 3933 0
4570 2092 4283 0
4571 3401 4925 0
4572 940 3197 0
4573 3480 3394 0
4574 3697 3891 0
4575 4421 3090 0
4576 2448 84 0
4577 2262 3554 0
4578 94 4267 0
4579 4403 4200 0
4580 4193 846 0
4581 1830 3371 0
4582 2065 264 0
4583 1686 3608 0
4584 915 4867 0
4585 3757 2403 0
4586 657 4271 0
4587 472 1210 0
4588 1740 4202 0
4589 460 2207 0
4590 271 2910 0
4591 1398 3822 0
4592 176 636 0
4593 4349 759 0
4594 539 1925 0
4595 1670 69 0
4596 1706 2714 0
4597 2037 1033 0
4598 4167 921 0
4599 1536 2713 0
4600 2044 373 0
4601 2740 4726 0
4602 4438 2902 0
4603 4216 1529 0
4604 2283 4404 0
4605 1057 4187 0
4606 1985 3244 0
4607 1095 4695 0
4608 1359 4556 0
4609 776 3574 0
4610 4047 3011 0
4611 4112 45 0
4612 2994 3172 0
4613 1738 4858 0
4614 1015 4721 0
4615 3140 1567 0
4616 670 879 0
4617 3661 1424 0
4618 2087 3340 0
4619 674 2406 0
4620 1601 1983 0
4621 1701 4774 0
4622 1207 156 0
4623 3699 2701 0
4624 3814 1584 0
4625 3713 3204 0
4626 296 3082 0
4627 422 3667 0
4628 3168 4675 0
4629 2624 40 0
4630 1891 4975 0
4631 1631 4764 0
4632 507 965 0
4633 1900 1251 0
4634 143 4453 0
4635 259 4348 0
4636 1936 600 0
4637 2847 1369 0
4638 4364 4591 0
4639 3531 722 0
4640 4443 4882 0
4641 2013 469 0
4642 4047 4694 0
4643 1956 3378 0
4644 1301 3658 0
4645 4414 4131 0
4646 3715 2753 0
4647 1162 4520 0
4648 101 3547 0
4649 1200 2689 0
4650 1228 1417 0
4651 381 3387 0
4652 458 619 0
4653 469 3320 0
4654 3977 277 0
4655 882 3380 0
4656 3551 284 0
4657 551 4267 0
4658 2965 911 0
4659 4759 2199 0
4660 1080 2863 0
4661 4041 3878 0
4662 1471 4206 0
4663 4028 1813 0
4664 4867 4035 0
4665 2226 1749 0
4666 650 1297 0
4667 4722 1995 0
4668 20 3767 0
4669 1548 2014 0
4670 3171 1681 0
4671 3957 2274 0
4672 4508 4782 0
4673 1903 3830 0
4674 4982 3530 0
4675 4717 917 0
4676 1763 1841 0
4677 1749 38 0
4678 2551 3618 0
4679 3864 119 0
4680 3812 4232 0
4681 1299 3531 0
4682 4986 4576 0
4683 2671 1789 0
4684 2563 2811 0
4685 1255 3623 0
4686 3202 4670 0
4687 2073 2712 0
4688 1907 3116 0
4689 675 3955 0
4690 2475 4642 0
4691 3499 1184 0
4692 4389 2860 0
4693 1586 455 0
4694 2048 4571 0
4695 1101 4824 0
4696 1763 587 0
4697 326 313 0
4698 3360 3267 0
4699 3289 4982 0
4700 2459 3458 0
4701 4022 2252 0
4702 4459 1209 0
4703 972 3920 0
4704 4579 46 0
4705 3549 3776 0
4706 1820 857 0
4707 3053 1281 0
4708 4696 3338 0
4709 965 2681 0
4710 1931 2225 0
4711 2851 3657 0
4712 3895 2745 0
4713 3253 425 0
4714 3054 3405 0
4715 3666 1174 0
4716 736 427 0
4717 3662 4634 0
4718 2104 2062 0
4719 452 4466 0
4720 4414 4612 0
4721 3032 1338 0
4722 2565 1117 0
4723 4234 2555 0
4724 341 3817 0
4725 4222 263 0
4726 3772 3986 0
4727 2830 4361 0
4728 239 3028 0
4729 2465 1743 0
4730 313 1738 0
4731 2359 2328 0
4732 4854 270 0
4733 4788 4760 0
4734 1587 2024 0
4735 1467 1388 0
4736 2467 1194 0
4737 1307 2150 0
4738 4319 3985 0
4739 1968 2269 0
4740 2724 3525 0
4741 2206 486 0
4742 2709 2891 0
4743 162 4788 0
4744 435 3519 0
4745 1234 3258 0
4746 5 905 0
4747 4540 3340 0
4748 683 2285 0
4749 2918 4199 0
4750 744 1363 0
4751 4709 3819 0
4752 4890 2295 0
4753 11 4956 0
4754 1955 4760 0
4755 2976 3882 0
4756 3762 2851 0
4757 4687 1294 0
4758 957 3306 0
4759 1676 1813 0
4760 4438 684 0
4761 309 2855 0
4762 924 124 0
4763 955 2895 0
4764 4525 2785 0
4765 1567 3988 0
4766 2209 3110 0
4767 2857 17 0
4768 1388 539 0
4769 197 2171 0
4770 3593 2501 0
4771 2196 2911 0
4772 1321 2311 0
4773 1089 2331 0
4774 319 4146 0
4775 592 2828 0
4776 1754 4567 0
4777 2964 2930 0
4778 332 712 0
4779 283 3170 0
4780 852 4448 0
4781 2006 797 0
4782 139 1848 0
4783 3585 2519 0
4784 1024 440 0
4785 3144 3522 0
4786 3610 2060 0
4787 4968 409 0
4788 4299 2123 0
4789 2669 4038 0
4790 4906 2118 0
4791 1754 1333 0
4792 290 433 0
4793 1994 4132 0
4794 1884 2627 0
4795 710 2000 0
4796 301 1697 0
4797 3381 4273 0
4798 3540 2042 0
4799 76 802 0
4800 433 4276 0
4801 519 1797 0
4802 4430 3796 0
4803 1126 1336 0
4804 1785 4049 0
4805 2790 1503 0
4806 4982 3931 0
4807 3770 2303 0
4808 131 3861 0
4809 892 3955 0
4810 4346 1286 0
4811 2635 4681 0
4812 1045 3682 0
4813 3118 4680 0
4814 1883 3794 0
4815 1737 1829 0
4816 890 4390 0
4817 4620 3286 0
4818 458 3498 0
4819 2549 205 0
4820 2647 928 0
4821 4870 819 0
4822 2267 3270 0
4823 4858 1023 0
4824 3367 1762 0
4825 1610 1028 0
4826 3114 714 0
4827 4595 513 0
4828 1476 4854 0
4829 4880 4664 0
4830 1507 4779 0
4831 4592 4245 0
4832 2659 1437 0
4833 4266 525 0
4834 4708 267 0
4835 3277 375 0
4836 525 3607 0
4837 4982 3212 0
4838 3654 2699 0
4839 4429 2691 0
4840 1015 3556 0
4841 3073 1338 0
4842 3884 1637 0
4843 2501 2053 0
4844 2051 2062 0
4845 589 575 0
4846 4638 1317 0
4847 4862 4230 0
4848 1533 2286 0
4849 2205 108 0
4850 2543 3515 0
4851 4088 1710 0
4852 3966 3766 0
4853 4848 2400 0
4854 2741 3531 0
4855 2296 380 0
4856 1332 3996 0
4857 2482 3739 0
4858 4571 2615 0
4859 3955 4176 0
4860 2041 1577 0
4861 1895 2612 0
4862 4421 2876 0
4863 1494 1842 0
4864 2778 2246 0
4865 1643 4430 0
4866 4237 2711 0
4867 2735 2178 0
4868 2611 4176 0
4869 4768 2422 0
4870 1418 4773 0
4871 1432 2760 0
4872 126 876 0
4873 2784 2548 0
4874 261 4753 0
4875 464 4074 0
4876 3269 2910 0
4877 728 1206 0
4878 980 905 0
4879 4870 3483 0
4880 3423 2612 0
4881 2524 4051 0
4882 104 1330 0
4883 4185 4409 0
4884 2007 3735 0
4885 4462 3866 0
4886 4969 1336 0
4887 36 2432 0
4888 4697 625 0
4889 4225 3649 0
4890 968 669 0
4891 4434 2429 0
4892 1409 1069 0
4893 555 575 0
4894 3479 4960 0
4895 3800 3708 0
4896 1442 3205 0
4897 4778 140 0
4898 1543 2201 0
4899 608 3948 0
4900 3817 2663 0
4901 1260 1564 0
4902 2174 2087 0
4903 1741 99 0
4904 1616 1255 0
4905 71 4129 0
4906 381 988 0
4907 3665 2810 0
4908 1497 4480 0
4909 1925 3732 0
4910 192 4428 0
4911 3734 1416 0
4912 3140 3304 0
4913 939 2531 0
4914 756 3365 0
4915 1340 4446 0
4916 4305 3279 0
4917 516 3944 0
4918 4766 3023 0
4919 4748 3281 0
4920 3215 609 0
4921 3213 4687 0
4922 4464 233 0
4923 3743 637 0
4924 3247 2923 0
4925 544 1002 0
4926 1170 3877 0
4927 4267 4959 0
4928 3635 1922 0
4929 3564 4004 0
4930 1293 2292 0
4931 1674 3660 0
4932 1735 231 0
4933 599 4278 0
4934 3156 274 0
4935 3118 1524 0
4936 1877 584 0
4937 1248 2335 0
4938 4495 2015 0
4939 3286 1043 0
4940 417 4415 0
4941 2444 985 0
4942 4652 2156 0
4943 2183 3514 0
4944 680 4567 0
4945 3648 2145 0
4946 1014 4941 0
4947 3338 1303 0
4948 2811 3938 0
4949 2432 460 0
4950 4664 3186 0
4951 1727 3047 0
4952 2078 3191 0
4953 4702 3443 0
4954 3236 2201 0
4955 822 2193 0
4956 4246 4360 0
4957 2447 4469 0
4958 3000 200 0
4959 2658 3151 0
4960 1027 3410 0
4961 1938 3919 0
4962 2911 929 0
4963 3374 4226 0
4964 3731 677 0
4965 3869 1871 0
4966 2943 1353 0
4967 4631 537 0
4968 3185 4460 0
4969 3173 4886 0
4970 2261 4917 0
4971 493 4431 0
4972 1971 4651 0
4973 1243 2075 0
4974 1324 4507 0
4975 2472 3965 0
4976 2384 291 0
4977 1218 4271 0
4978 3904 3057 0
4979 245 3603 0
4980 2098 4266 0
4981 544 3802 0
4982 2787 4494 0
4983 4812 4856 0
4984 816 3675 0
4985 4683 4186 0
4986 1655 3545 0
4987 871 216 0
4988 2387 3004 0
4989 2068 222 0
4990 1241 3052 0
4991 3494 4816 0
4992 2949 556 0
4993 4732 2008 0
4994 149 1310 0
4995 2035 3072 0
4996 2031 4697 0
4997 2182 3628 0
4998 2698 3945 0
4999 3780 1876 0
